# ###########
# [default parameters]
#   OrderedDict([('NL', '10'), ('NR', '10'), ('GNL', '1e-4'), ('GNR', '1e-4'), ('GS', '1.'), ('wL', '5.'), ('wR', '3.'), ('lambdaL', '0.05'), ('lambdaR', '0.05'), ('QL', '1e5'), ('QR', '1e5'), ('TOscL', '5.'), ('TOscR', '5.'), ('TelL', '0.'), ('TelR', '0.'), ('muL', '-1e3'), ('muR', '-1e3'), ('ham', 'chargevib')])
# [assignments]
#   OrderedDict([('eLu', 'x'), ('eLd', 'x'), ('eRu', 'x'), ('eRd', 'x')])
# [variables]
#   ['x']
# [columns]
#   ['x', 'IL', 'IR', 'IphL', 'IphR', 'nOscL', 'nOscR', 'nElL', 'nElR', 'dotEOscL', 'dotEOscR', 'dotEelL', 'dotEelR', 'eta', 'commL', 'commR']
# ###########
# 
-7.000000e-01 2.528146e-05 2.528146e-05 3.548860e-08 7.291011e-08 5.821887e-01 1.193589e+00 2.528146e-01 2.528146e-01 1.581164e-07 1.870520e-07 -1.345990e-07 -2.105694e-07 5.722699e-07 9.992155e-01 9.794193e-01
-7.000800e-01 2.527897e-05 2.527897e-05 3.611886e-08 7.217904e-08 5.822014e-01 1.193564e+00 2.527897e-01 2.527897e-01 1.613001e-07 1.848942e-07 -1.351104e-07 -2.110839e-07 4.666737e-07 9.992154e-01 9.794181e-01
-7.001600e-01 2.527648e-05 2.527648e-05 3.686945e-08 7.125695e-08 5.822164e-01 1.193536e+00 2.527648e-01 2.527648e-01 1.650869e-07 1.821649e-07 -1.356376e-07 -2.116141e-07 3.378238e-07 9.992151e-01 9.794200e-01
-7.002400e-01 2.527401e-05 2.527401e-05 3.626357e-08 7.260853e-08 5.822045e-01 1.193570e+00 2.527401e-01 2.527401e-01 1.620928e-07 1.862568e-07 -1.361844e-07 -2.121652e-07 4.780413e-07 9.992153e-01 9.794107e-01
-7.003200e-01 2.527155e-05 2.527155e-05 3.865541e-08 6.896895e-08 5.822523e-01 1.193470e+00 2.527155e-01 2.527155e-01 1.740886e-07 1.753801e-07 -1.367432e-07 -2.127255e-07 2.555131e-08 9.992149e-01 9.794278e-01
-7.004000e-01 2.526911e-05 2.526911e-05 4.011953e-08 6.688850e-08 5.822817e-01 1.193409e+00 2.526911e-01 2.526911e-01 1.814475e-07 1.691815e-07 -1.373222e-07 -2.133068e-07 -2.427085e-07 9.992149e-01 9.794345e-01
-7.004800e-01 2.526668e-05 2.526668e-05 3.788163e-08 7.099663e-08 5.822372e-01 1.193528e+00 2.526668e-01 2.526668e-01 1.702981e-07 1.815471e-07 -1.379272e-07 -2.139180e-07 2.226049e-07 9.992151e-01 9.794189e-01
-7.005600e-01 2.526426e-05 2.526426e-05 4.051104e-08 6.699537e-08 5.822898e-01 1.193402e+00 2.526426e-01 2.526426e-01 1.834869e-07 1.695906e-07 -1.385431e-07 -2.145344e-07 -2.750179e-07 9.992148e-01 9.794249e-01
-7.006400e-01 2.526186e-05 2.526186e-05 4.096058e-08 6.664455e-08 5.822990e-01 1.193404e+00 2.526186e-01 2.526186e-01 1.857783e-07 1.685865e-07 -1.391848e-07 -2.151800e-07 -3.402707e-07 9.992149e-01 9.794353e-01
-7.007200e-01 2.525948e-05 2.525948e-05 3.966841e-08 6.921288e-08 5.822734e-01 1.193472e+00 2.525948e-01 2.525948e-01 1.793631e-07 1.763395e-07 -1.398513e-07 -2.158513e-07 -5.984976e-08 9.992149e-01 9.794204e-01
-7.008000e-01 2.525711e-05 2.525711e-05 4.139080e-08 6.676512e-08 5.823079e-01 1.193401e+00 2.525711e-01 2.525711e-01 1.880228e-07 1.690497e-07 -1.405353e-07 -2.165372e-07 -3.755983e-07 9.992146e-01 9.794288e-01
-7.008800e-01 2.525476e-05 2.525476e-05 4.215491e-08 6.593122e-08 5.823233e-01 1.193382e+00 2.525476e-01 2.525476e-01 1.918933e-07 1.666032e-07 -1.412458e-07 -2.172507e-07 -5.006997e-07 9.992146e-01 9.794359e-01
-7.009600e-01 2.525242e-05 2.525242e-05 4.408664e-08 6.316404e-08 5.823620e-01 1.193297e+00 2.525242e-01 2.525242e-01 2.016042e-07 1.583603e-07 -1.419791e-07 -2.179854e-07 -8.562331e-07 9.992143e-01 9.794410e-01
-7.010400e-01 2.525011e-05 2.525011e-05 4.321049e-08 6.509831e-08 5.823448e-01 1.193353e+00 2.525011e-01 2.525011e-01 1.972784e-07 1.642224e-07 -1.427450e-07 -2.187559e-07 -6.545715e-07 9.992145e-01 9.794336e-01
-7.011200e-01 2.524782e-05 2.524782e-05 4.390351e-08 6.443107e-08 5.823588e-01 1.193332e+00 2.524782e-01 2.524782e-01 2.008011e-07 1.622841e-07 -1.435358e-07 -2.195494e-07 -7.627799e-07 9.992144e-01 9.794338e-01
-7.012000e-01 2.524554e-05 2.524554e-05 4.563994e-08 6.204050e-08 5.823937e-01 1.193261e+00 2.524554e-01 2.524554e-01 2.095436e-07 1.551801e-07 -1.443543e-07 -2.203694e-07 -1.076696e-06 9.992143e-01 9.794400e-01
-7.012800e-01 2.524330e-05 2.524330e-05 4.518917e-08 6.331829e-08 5.823850e-01 1.193302e+00 2.524330e-01 2.524330e-01 2.073534e-07 1.590825e-07 -1.452083e-07 -2.212276e-07 -9.561122e-07 9.992143e-01 9.794387e-01
-7.013600e-01 2.524107e-05 2.524107e-05 4.600946e-08 6.249441e-08 5.824015e-01 1.193274e+00 2.524107e-01 2.524107e-01 2.115215e-07 1.566846e-07 -1.460923e-07 -2.221138e-07 -1.086264e-06 9.992141e-01 9.794371e-01
-7.014400e-01 2.523887e-05 2.523887e-05 4.767123e-08 6.028721e-08 5.824350e-01 1.193212e+00 2.523887e-01 2.523887e-01 2.199006e-07 1.501417e-07 -1.470095e-07 -2.230328e-07 -1.381974e-06 9.992139e-01 9.794461e-01
-7.015200e-01 2.523669e-05 2.523669e-05 4.953760e-08 5.776015e-08 5.824725e-01 1.193135e+00 2.523669e-01 2.523669e-01 2.293063e-07 1.426430e-07 -1.479624e-07 -2.239868e-07 -1.717009e-06 9.992137e-01 9.794510e-01
-7.016000e-01 2.523454e-05 2.523454e-05 4.757855e-08 6.163926e-08 5.824338e-01 1.193243e+00 2.523454e-01 2.523454e-01 2.195891e-07 1.543642e-07 -1.489618e-07 -2.249914e-07 -1.292373e-06 9.992140e-01 9.794326e-01
-7.016800e-01 2.523242e-05 2.523242e-05 5.018222e-08 5.792863e-08 5.824859e-01 1.193132e+00 2.523242e-01 2.523242e-01 2.326895e-07 1.433248e-07 -1.499922e-07 -2.260220e-07 -1.770830e-06 9.992136e-01 9.794425e-01
-7.017600e-01 2.523033e-05 2.523033e-05 5.126883e-08 5.677513e-08 5.825080e-01 1.193100e+00 2.523033e-01 2.523033e-01 2.382092e-07 1.399608e-07 -1.510690e-07 -2.271009e-07 -1.947030e-06 9.992135e-01 9.794471e-01
-7.018400e-01 2.522828e-05 2.522828e-05 5.148055e-08 5.710845e-08 5.825126e-01 1.193114e+00 2.522828e-01 2.522828e-01 2.393594e-07 1.410619e-07 -1.521931e-07 -2.282282e-07 -1.948161e-06 9.992136e-01 9.794488e-01
-7.019200e-01 2.522626e-05 2.522626e-05 5.328689e-08 5.480881e-08 5.825489e-01 1.193045e+00 2.522626e-01 2.522626e-01 2.484878e-07 1.342712e-07 -1.533615e-07 -2.293975e-07 -2.263843e-06 9.992133e-01 9.794534e-01
-7.020000e-01 2.522427e-05 2.522427e-05 5.440471e-08 5.368816e-08 5.825717e-01 1.193008e+00 2.522427e-01 2.522427e-01 2.541794e-07 1.310233e-07 -1.545825e-07 -2.306201e-07 -2.441223e-06 9.992132e-01 9.794528e-01
-7.020800e-01 2.522232e-05 2.522232e-05 5.696115e-08 5.019848e-08 5.826230e-01 1.192904e+00 2.522232e-01 2.522232e-01 2.670699e-07 1.206761e-07 -1.558542e-07 -2.318918e-07 -2.902069e-06 9.992129e-01 9.794620e-01
-7.021600e-01 2.522042e-05 2.522042e-05 5.661239e-08 5.159033e-08 5.826165e-01 1.192941e+00 2.522042e-01 2.522042e-01 2.654412e-07 1.249783e-07 -1.571895e-07 -2.332301e-07 -2.784707e-06 9.992129e-01 9.794531e-01
-7.022400e-01 2.521855e-05 2.521855e-05 5.804299e-08 5.004886e-08 5.826456e-01 1.192899e+00 2.521855e-01 2.521855e-01 2.727163e-07 1.204904e-07 -1.585824e-07 -2.346243e-07 -3.018134e-06 9.992128e-01 9.794598e-01
-7.023200e-01 2.521674e-05 2.521674e-05 5.944264e-08 4.859657e-08 5.826739e-01 1.192858e+00 2.521674e-01 2.521674e-01 2.798442e-07 1.162782e-07 -1.600396e-07 -2.360828e-07 -3.243204e-06 9.992126e-01 9.794646e-01
-7.024000e-01 2.521497e-05 2.521497e-05 5.987756e-08 4.879426e-08 5.826832e-01 1.192859e+00 2.521497e-01 2.521497e-01 2.821567e-07 1.170242e-07 -1.615679e-07 -2.376129e-07 -3.274494e-06 9.992126e-01 9.794580e-01
-7.024800e-01 2.521325e-05 2.521325e-05 6.318997e-08 4.423276e-08 5.827498e-01 1.192727e+00 2.521325e-01 2.521325e-01 2.988654e-07 1.035051e-07 -1.631633e-07 -2.392072e-07 -3.874158e-06 9.992122e-01 9.794735e-01
-7.025600e-01 2.521159e-05 2.521159e-05 6.479561e-08 4.256475e-08 5.827824e-01 1.192677e+00 2.521159e-01 2.521159e-01 3.070500e-07 9.867591e-08 -1.648407e-07 -2.408852e-07 -4.132505e-06 9.992119e-01 9.794767e-01
-7.026400e-01 2.520999e-05 2.520999e-05 6.670738e-08 4.043435e-08 5.828212e-01 1.192613e+00 2.520999e-01 2.520999e-01 3.167756e-07 9.247137e-08 -1.666012e-07 -2.426458e-07 -4.448718e-06 9.992117e-01 9.794804e-01
-7.027200e-01 2.520845e-05 2.520845e-05 6.755374e-08 4.013356e-08 5.828388e-01 1.192605e+00 2.520845e-01 2.520845e-01 3.211857e-07 9.176769e-08 -1.684538e-07 -2.444996e-07 -4.550419e-06 9.992117e-01 9.794806e-01
-7.028000e-01 2.520698e-05 2.520698e-05 6.929209e-08 3.839924e-08 5.828743e-01 1.192553e+00 2.520698e-01 2.520698e-01 3.300681e-07 8.677787e-08 -1.704000e-07 -2.464459e-07 -4.825850e-06 9.992116e-01 9.794830e-01
-7.028800e-01 2.520558e-05 2.520558e-05 7.165072e-08 3.568828e-08 5.829221e-01 1.192470e+00 2.520558e-01 2.520558e-01 3.420653e-07 7.887362e-08 -1.724469e-07 -2.484919e-07 -5.220899e-06 9.992112e-01 9.794873e-01
-7.029600e-01 2.520426e-05 2.520426e-05 7.367684e-08 3.359525e-08 5.829633e-01 1.192406e+00 2.520426e-01 2.520426e-01 3.524147e-07 7.283936e-08 -1.746048e-07 -2.506492e-07 -5.546190e-06 9.992109e-01 9.794899e-01
-7.030400e-01 2.520303e-05 2.520303e-05 7.625180e-08 3.065400e-08 5.830155e-01 1.192326e+00 2.520303e-01 2.520303e-01 3.655244e-07 6.427923e-08 -1.768801e-07 -2.529235e-07 -5.976369e-06 9.992106e-01 9.795023e-01
-7.031200e-01 2.520189e-05 2.520189e-05 7.754364e-08 2.992621e-08 5.830424e-01 1.192298e+00 2.520189e-01 2.520189e-01 3.722363e-07 6.237797e-08 -1.792856e-07 -2.553287e-07 -6.147523e-06 9.992105e-01 9.794964e-01
-7.032000e-01 2.520084e-05 2.520084e-05 8.067978e-08 2.619823e-08 5.831059e-01 1.192192e+00 2.520084e-01 2.520084e-01 3.881891e-07 5.149949e-08 -1.818238e-07 -2.578648e-07 -6.680127e-06 9.992101e-01 9.795081e-01
-7.032800e-01 2.519989e-05 2.519989e-05 8.271690e-08 2.438792e-08 5.831478e-01 1.192134e+00 2.519989e-01 2.519989e-01 3.986681e-07 4.639685e-08 -1.845127e-07 -2.605523e-07 -6.989539e-06 9.992100e-01 9.795076e-01
-7.033600e-01 2.519906e-05 2.519906e-05 8.544653e-08 2.151197e-08 5.832035e-01 1.192050e+00 2.519906e-01 2.519906e-01 4.126332e-07 3.812419e-08 -1.873600e-07 -2.633974e-07 -7.431010e-06 9.992097e-01 9.795138e-01
-7.034400e-01 2.519836e-05 2.519836e-05 8.848050e-08 1.822498e-08 5.832653e-01 1.191952e+00 2.519836e-01 2.519836e-01 4.281460e-07 2.864769e-08 -1.903795e-07 -2.664142e-07 -7.927071e-06 9.992093e-01 9.795199e-01
-7.035200e-01 2.519778e-05 2.519778e-05 9.178490e-08 1.459162e-08 5.833326e-01 1.191846e+00 2.519778e-01 2.519778e-01 4.450397e-07 1.816440e-08 -1.935863e-07 -2.696177e-07 -8.470493e-06 9.992089e-01 9.795287e-01
-7.036000e-01 2.519735e-05 2.519735e-05 9.469098e-08 1.173657e-08 5.833922e-01 1.191761e+00 2.519735e-01 2.519735e-01 4.599737e-07 1.005135e-08 -1.969984e-07 -2.730267e-07 -8.927970e-06 9.992086e-01 9.795326e-01
-7.036800e-01 2.519708e-05 2.519708e-05 9.829921e-08 7.832411e-09 5.834659e-01 1.191644e+00 2.519708e-01 2.519708e-01 4.784540e-07 -1.168939e-09 -2.006305e-07 -2.766546e-07 -9.517432e-06 9.992082e-01 9.795391e-01
-7.037600e-01 2.519698e-05 2.519698e-05 1.014691e-07 4.793550e-09 5.835311e-01 1.191552e+00 2.519698e-01 2.519698e-01 4.947823e-07 -9.749482e-09 -2.045064e-07 -2.805264e-07 -1.001175e-05 9.992080e-01 9.795415e-01
-7.038400e-01 2.519706e-05 2.519706e-05 1.060919e-07 -5.252791e-10 5.836253e-01 1.191397e+00 2.519706e-01 2.519706e-01 5.184190e-07 -2.511957e-08 -2.086426e-07 -2.846568e-07 -1.078575e-05 9.992073e-01 9.795551e-01
-7.039200e-01 2.519735e-05 2.519735e-05 1.097076e-07 -4.004780e-09 5.836997e-01 1.191294e+00 2.519735e-01 2.519735e-01 5.370699e-07 -3.491731e-08 -2.130718e-07 -2.890808e-07 -1.135015e-05 9.992070e-01 9.795594e-01
-7.040000e-01 2.519787e-05 2.519787e-05 1.143876e-07 -9.087927e-09 5.837956e-01 1.191142e+00 2.519787e-01 2.519787e-01 5.610986e-07 -4.946309e-08 -2.178166e-07 -2.938188e-07 -1.211534e-05 9.992066e-01 9.795678e-01
-7.040800e-01 2.519863e-05 2.519863e-05 1.189707e-07 -1.382053e-08 5.838896e-01 1.191006e+00 2.519863e-01 2.519863e-01 5.847052e-07 -6.288766e-08 -2.229111e-07 -2.989064e-07 -1.284976e-05 9.992059e-01 9.795783e-01
-7.041600e-01 2.519967e-05 2.519967e-05 1.217032e-07 -1.525600e-08 5.839471e-01 1.190970e+00 2.519967e-01 2.519967e-01 5.991298e-07 -6.634247e-08 -2.283985e-07 -3.043888e-07 -1.320399e-05 9.992056e-01 9.795801e-01
-7.042400e-01 2.520100e-05 2.520100e-05 1.295101e-07 -2.493444e-08 5.841062e-01 1.190681e+00 2.520100e-01 2.520100e-01 6.390069e-07 -9.443425e-08 -2.342971e-07 -3.102755e-07 -1.455183e-05 9.992049e-01 9.795989e-01
-7.043200e-01 2.520267e-05 2.520267e-05 1.367739e-07 -3.345535e-08 5.842549e-01 1.190424e+00 2.520267e-01 2.520267e-01 6.762603e-07 -1.189519e-07 -2.406709e-07 -3.166375e-07 -1.577635e-05 9.992042e-01 9.796123e-01
-7.044000e-01 2.520472e-05 2.520472e-05 1.428006e-07 -3.963378e-08 5.843792e-01 1.190242e+00 2.520472e-01 2.520472e-01 7.074332e-07 -1.363265e-07 -2.475755e-07 -3.235313e-07 -1.673813e-05 9.992036e-01 9.796210e-01
-7.044800e-01 2.520718e-05 2.520718e-05 1.491083e-07 -4.597448e-08 5.845096e-01 1.190054e+00 2.520718e-01 2.520718e-01 7.401322e-07 -1.540545e-07 -2.550669e-07 -3.310108e-07 -1.773675e-05 9.992028e-01 9.796289e-01
-7.045600e-01 2.521010e-05 2.521010e-05 1.585662e-07 -5.723188e-08 5.847034e-01 1.189727e+00 2.521010e-01 2.521010e-01 7.887208e-07 -1.863770e-07 -2.632079e-07 -3.391360e-07 -1.933943e-05 9.992019e-01 9.796545e-01
-7.046400e-01 2.521355e-05 2.521355e-05 1.657217e-07 -6.426598e-08 5.848519e-01 1.189522e+00 2.521355e-01 2.521355e-01 8.259584e-07 -2.058536e-07 -2.720955e-07 -3.480094e-07 -2.046146e-05 9.992011e-01 9.796639e-01
-7.047200e-01 2.521759e-05 2.521759e-05 1.724294e-07 -7.012737e-08 5.849922e-01 1.189355e+00 2.521759e-01 2.521759e-01 8.611447e-07 -2.216058e-07 -2.818197e-07 -3.577192e-07 -2.146816e-05 9.992003e-01 9.796707e-01
-7.048000e-01 2.522229e-05 2.522229e-05 1.841919e-07 -8.395100e-08 5.852343e-01 1.188949e+00 2.522229e-01 2.522229e-01 9.218239e-07 -2.610015e-07 -2.924721e-07 -3.683503e-07 -2.344802e-05 9.991992e-01 9.796972e-01
-7.048800e-01 2.522774e-05 2.522774e-05 1.978710e-07 -1.004388e-07 5.855156e-01 1.188461e+00 2.522774e-01 2.522774e-01 9.923438e-07 -3.081062e-07 -3.041922e-07 -3.800454e-07 -2.577420e-05 9.991979e-01 9.797265e-01
-7.049600e-01 2.523407e-05 2.523407e-05 2.083802e-07 -1.110286e-07 5.857349e-01 1.188149e+00 2.523407e-01 2.523407e-01 1.047320e-06 -3.371841e-07 -3.171527e-07 -3.929834e-07 -2.743323e-05 9.991969e-01 9.797350e-01
-7.050400e-01 2.524140e-05 2.524140e-05 2.226550e-07 -1.272176e-07 5.860308e-01 1.187678e+00 2.524140e-01 2.524140e-01 1.121489e-06 -3.826604e-07 -3.315130e-07 -4.073157e-07 -2.979529e-05 9.991954e-01 9.797630e-01
-7.051200e-01 2.524988e-05 2.524988e-05 2.366497e-07 -1.421532e-07 5.863230e-01 1.187257e+00 2.524988e-01 2.524988e-01 1.194695e-06 -4.239000e-07 -3.475103e-07 -4.232843e-07 -3.205153e-05 9.991943e-01 9.797939e-01
-7.052000e-01 2.525970e-05 2.525970e-05 2.510346e-07 -1.568473e-07 5.866247e-01 1.186828e+00 2.525970e-01 2.525970e-01 1.270379e-06 -4.638416e-07 -3.653979e-07 -4.411399e-07 -3.432782e-05 9.991926e-01 9.798061e-01
-7.052800e-01 2.527109e-05 2.527109e-05 2.674443e-07 -1.738893e-07 5.869695e-01 1.186344e+00 2.527109e-01 2.527109e-01 1.356835e-06 -5.101271e-07 -3.855006e-07 -4.612070e-07 -3.693869e-05 9.991907e-01 9.798313e-01
-7.053600e-01 2.528430e-05 2.528430e-05 2.934278e-07 -2.057242e-07 5.875088e-01 1.185410e+00 2.528430e-01 2.528430e-01 1.491952e-06 -5.999321e-07 -4.081817e-07 -4.838384e-07 -4.136725e-05 9.991887e-01 9.798839e-01
-7.054400e-01 2.529975e-05 2.529975e-05 3.088346e-07 -2.185088e-07 5.878407e-01 1.185075e+00 2.529975e-01 2.529975e-01 1.575178e-06 -6.315226e-07 -4.340189e-07 -5.096362e-07 -4.361111e-05 9.991869e-01 9.798965e-01
-7.055200e-01 2.531777e-05 2.531777e-05 3.458755e-07 -2.658004e-07 5.886093e-01 1.183673e+00 2.531777e-01 2.531777e-01 1.767815e-06 -7.653012e-07 -4.634830e-07 -5.390310e-07 -5.002645e-05 9.991836e-01 9.799660e-01
-7.056000e-01 2.533901e-05 2.533901e-05 3.754122e-07 -2.986379e-07 5.892347e-01 1.182758e+00 2.533901e-01 2.533901e-01 1.924524e-06 -8.540207e-07 -4.975089e-07 -5.729947e-07 -5.482741e-05 9.991810e-01 9.800248e-01
-7.056800e-01 2.536414e-05 2.536414e-05 4.135530e-07 -3.435741e-07 5.900399e-01 1.181474e+00 2.536414e-01 2.536414e-01 2.126307e-06 -9.768556e-07 -5.370218e-07 -6.124300e-07 -6.117224e-05 9.991775e-01 9.800908e-01
-7.057600e-01 2.539409e-05 2.539409e-05 4.601186e-07 -3.998684e-07 5.910238e-01 1.179863e+00 2.539409e-01 2.539409e-01 2.372913e-06 -1.130914e-06 -5.833419e-07 -6.586572e-07 -6.898901e-05 9.991732e-01 9.801738e-01
-7.058400e-01 2.543022e-05 2.543022e-05 4.899580e-07 -4.249367e-07 5.916885e-01 1.179241e+00 2.543022e-01 2.543022e-01 2.539509e-06 -1.187474e-06 -6.383990e-07 -7.136359e-07 -7.327862e-05 9.991701e-01 9.801794e-01
-7.059200e-01 2.547395e-05 2.547395e-05 5.739475e-07 -5.364880e-07 5.934539e-01 1.175992e+00 2.547395e-01 2.547395e-01 2.981791e-06 -1.498343e-06 -7.041818e-07 -7.792663e-07 -8.793559e-05 9.991636e-01 9.803479e-01
-7.060000e-01 2.552795e-05 2.552795e-05 6.363334e-07 -6.070701e-07 5.948154e-01 1.174047e+00 2.552795e-01 2.552795e-01 3.322983e-06 -1.679070e-06 -7.844820e-07 -8.594305e-07 -9.797210e-05 9.991578e-01 9.803998e-01
-7.060800e-01 2.559543e-05 2.559543e-05 7.266325e-07 -7.182627e-07 5.967742e-01 1.170933e+00 2.559543e-01 2.559543e-01 3.813723e-06 -1.971308e-06 -8.838242e-07 -9.585911e-07 -1.130091e-04 9.991507e-01 9.805093e-01
-7.061600e-01 2.568141e-05 2.568141e-05 8.465134e-07 -8.714126e-07 5.993828e-01 1.166705e+00 2.568141e-01 2.568141e-01 4.467263e-06 -2.374127e-06 -1.009299e-06 -1.083837e-06 -1.331973e-04 9.991408e-01 9.807129e-01
-7.062400e-01 2.579363e-05 2.579363e-05 9.922604e-07 -1.058548e-06 6.026007e-01 1.161590e+00 2.579363e-01 2.579363e-01 5.273213e-06 -2.855282e-06 -1.171838e-06 -1.246093e-06 -1.575679e-04 9.991306e-01 9.809031e-01
-7.063200e-01 2.594434e-05 2.594434e-05 1.190078e-06 -1.321498e-06 6.070078e-01 1.154433e+00 2.594434e-01 2.594434e-01 6.377072e-06 -3.525682e-06 -1.388755e-06 -1.462635e-06 -1.908462e-04 9.991159e-01 9.811431e-01
-7.064000e-01 2.615461e-05 2.615461e-05 1.445654e-06 -1.668114e-06 6.128266e-01 1.145233e+00 2.615461e-01 2.615461e-01 7.834497e-06 -4.381472e-06 -1.689816e-06 -1.763209e-06 -2.335338e-04 9.990968e-01 9.813973e-01
-7.064800e-01 2.646234e-05 2.646234e-05 1.845157e-06 -2.243206e-06 6.219993e-01 1.130026e+00 2.646234e-01 2.646234e-01 1.013159e-05 -5.801835e-06 -2.128546e-06 -2.201213e-06 -3.010586e-04 9.990693e-01 9.818710e-01
-7.065600e-01 2.694257e-05 2.694257e-05 2.376430e-06 -3.036747e-06 6.347695e-01 1.110116e+00 2.694257e-01 2.694257e-01 1.332868e-05 -7.635046e-06 -2.810988e-06 -2.882649e-06 -3.890447e-04 9.990375e-01 9.822488e-01
-7.066400e-01 2.775296e-05 2.775296e-05 3.279800e-06 -4.490930e-06 6.570730e-01 1.074309e+00 2.775296e-01 2.775296e-01 1.891249e-05 -1.092288e-05 -3.959821e-06 -4.029792e-06 -5.375168e-04 9.989817e-01 9.828451e-01
-7.067200e-01 2.923643e-05 2.923643e-05 5.016287e-06 -7.460797e-06 7.005774e-01 1.001932e+00 2.923643e-01 2.923643e-01 2.980316e-05 -1.761751e-05 -6.059409e-06 -6.126243e-06 -8.109859e-04 9.988797e-01 9.844977e-01
-7.068000e-01 3.187689e-05 3.187689e-05 7.999345e-06 -1.206104e-05 7.728338e-01 8.857527e-01 3.187689e-01 3.187689e-01 4.788911e-05 -2.824095e-05 -9.793292e-06 -9.854877e-06 -1.194126e-03 9.987264e-01 9.860303e-01
-7.068800e-01 3.455601e-05 3.455601e-05 1.261885e-05 -1.464709e-05 8.495566e-01 7.592740e-01 3.455601e-01 3.455601e-01 6.710048e-05 -3.988256e-05 -1.358096e-05 -1.363697e-05 -1.547966e-03 9.985136e-01 9.883967e-01
-7.069600e-01 3.467262e-05 3.467262e-05 1.379067e-05 -1.266453e-05 8.499578e-01 7.618741e-01 3.467262e-01 3.467262e-01 6.721699e-05 -3.966510e-05 -1.374820e-05 -1.380369e-05 -1.541304e-03 9.984036e-01 9.885497e-01
-7.070400e-01 3.392801e-05 3.392801e-05 1.272308e-05 -1.161172e-05 8.286950e-01 7.977217e-01 3.392801e-01 3.392801e-01 6.191345e-05 -3.645928e-05 -1.269908e-05 -1.275510e-05 -1.449727e-03 9.983221e-01 9.887374e-01
-7.071200e-01 3.366618e-05 3.366618e-05 1.218294e-05 -1.174921e-05 8.225732e-01 8.067214e-01 3.366618e-01 3.366618e-01 6.039820e-05 -3.567912e-05 -1.233211e-05 -1.238697e-05 -1.426911e-03 9.982182e-01 9.890117e-01
-7.072000e-01 3.378093e-05 3.378093e-05 1.234325e-05 -1.193517e-05 8.259158e-01 8.023741e-01 3.378093e-01 3.378093e-01 6.124587e-05 -3.619869e-05 -1.249716e-05 -1.255002e-05 -1.442301e-03 9.981358e-01 9.901863e-01
-7.072800e-01 3.347689e-05 3.347689e-05 1.220655e-05 -1.109659e-05 8.178303e-01 8.160002e-01 3.347689e-01 3.347689e-01 5.922833e-05 -3.503452e-05 -1.207080e-05 -1.212301e-05 -1.407879e-03 9.981103e-01 9.907557e-01
-7.073600e-01 3.275379e-05 3.275379e-05 1.094349e-05 -9.515301e-06 7.917006e-01 8.642733e-01 3.275379e-01 3.275379e-01 5.269323e-05 -3.053418e-05 -1.105294e-05 -1.110611e-05 -1.270500e-03 9.981298e-01 9.893330e-01
-7.074400e-01 3.211426e-05 3.211426e-05 1.008411e-05 -9.032994e-06 7.766899e-01 8.861133e-01 3.211426e-01 3.211426e-01 4.893976e-05 -2.857996e-05 -1.015311e-05 -1.020669e-05 -1.206936e-03 9.981361e-01 9.894369e-01
-7.075200e-01 3.172224e-05 3.172224e-05 9.600134e-06 -8.822862e-06 7.684460e-01 8.977788e-01 3.172224e-01 3.172224e-01 4.687644e-05 -2.761726e-05 -9.602890e-06 -9.656283e-06 -1.174156e-03 9.981528e-01 9.902337e-01
-7.076000e-01 3.135198e-05 3.135198e-05 9.081426e-06 -8.176336e-06 7.573555e-01 9.170325e-01 3.135198e-01 3.135198e-01 4.409735e-05 -2.587672e-05 -9.083561e-06 -9.137066e-06 -1.115943e-03 9.981978e-01 9.901634e-01
-7.076800e-01 3.082773e-05 3.082773e-05 8.339384e-06 -7.325035e-06 7.419376e-01 9.424925e-01 3.082773e-01 3.082773e-01 4.023278e-05 -2.348455e-05 -8.346922e-06 -8.401310e-06 -1.033442e-03 9.982676e-01 9.892424e-01
-7.077600e-01 3.033815e-05 3.033815e-05 7.316318e-06 -6.217700e-06 7.223774e-01 9.803502e-01 3.033815e-01 3.033815e-01 3.532859e-05 -1.995405e-05 -7.659476e-06 -7.715061e-06 -9.111078e-04 9.983654e-01 9.881153e-01
-7.078400e-01 2.989950e-05 2.989950e-05 6.847033e-06 -6.004704e-06 7.139642e-01 9.900137e-01 2.989950e-01 2.989950e-01 3.321787e-05 -1.907406e-05 -7.043796e-06 -7.100016e-06 -8.744618e-04 9.984168e-01 9.880207e-01
-7.079200e-01 2.955282e-05 2.955282e-05 6.399303e-06 -5.624779e-06 7.052859e-01 1.003879e+00 2.955282e-01 2.955282e-01 3.104018e-05 -1.786721e-05 -6.558079e-06 -6.614887e-06 -8.274574e-04 9.984729e-01 9.883949e-01
-7.080000e-01 2.919491e-05 2.919491e-05 5.828647e-06 -4.989812e-06 6.937909e-01 1.024143e+00 2.919491e-01 2.919491e-01 2.815856e-05 -1.598757e-05 -6.056644e-06 -6.114347e-06 -7.560587e-04 9.985274e-01 9.878832e-01
-7.080800e-01 2.880286e-05 2.880286e-05 5.374666e-06 -4.643826e-06 6.849920e-01 1.036695e+00 2.880286e-01 2.880286e-01 2.595337e-05 -1.488056e-05 -5.507020e-06 -5.565795e-06 -7.088520e-04 9.985654e-01 9.880890e-01
-7.081600e-01 2.847965e-05 2.847965e-05 4.821758e-06 -4.114992e-06 6.745108e-01 1.054967e+00 2.847965e-01 2.847965e-01 2.332473e-05 -1.315560e-05 -5.054690e-06 -5.114445e-06 -6.404632e-04 9.986230e-01 9.873535e-01
-7.082400e-01 2.818834e-05 2.818834e-05 4.497792e-06 -3.904463e-06 6.683904e-01 1.063662e+00 2.818834e-01 2.818834e-01 2.179034e-05 -1.243506e-05 -4.647364e-06 -4.707916e-06 -6.070843e-04 9.986528e-01 9.879185e-01
-7.083200e-01 2.795645e-05 2.795645e-05 3.981350e-06 -3.278026e-06 6.582010e-01 1.084014e+00 2.795645e-01 2.795645e-01 1.923589e-05 -1.052640e-05 -4.324038e-06 -4.385456e-06 -5.322974e-04 9.987017e-01 9.872143e-01
-7.084000e-01 2.765080e-05 2.765080e-05 3.790732e-06 -3.266942e-06 6.545301e-01 1.084863e+00 2.765080e-01 2.765080e-01 1.831457e-05 -1.045918e-05 -3.896523e-06 -3.958868e-06 -5.203060e-04 9.987268e-01 9.872972e-01
-7.084800e-01 2.740683e-05 2.740683e-05 3.465725e-06 -2.998409e-06 6.483276e-01 1.095191e+00 2.740683e-01 2.740683e-01 1.675866e-05 -9.583005e-06 -3.556182e-06 -3.619478e-06 -4.805676e-04 9.987633e-01 9.877834e-01
-7.085600e-01 2.719475e-05 2.719475e-05 3.151730e-06 -2.716374e-06 6.423283e-01 1.104752e+00 2.719475e-01 2.719475e-01 1.525528e-05 -8.669441e-06 -3.260866e-06 -3.324977e-06 -4.398776e-04 9.987879e-01 9.872979e-01
-7.086400e-01 2.699131e-05 2.699131e-05 2.975113e-06 -2.634452e-06 6.389465e-01 1.109255e+00 2.699131e-01 2.699131e-01 1.440760e-05 -8.387213e-06 -2.977739e-06 -3.042651e-06 -4.222621e-04 9.988034e-01 9.884207e-01
-7.087200e-01 2.680860e-05 2.680860e-05 2.716190e-06 -2.390994e-06 6.338962e-01 1.117276e+00 2.680860e-01 2.680860e-01 1.314158e-05 -7.628029e-06 -2.723922e-06 -2.789627e-06 -3.873683e-04 9.988273e-01 9.880785e-01
-7.088000e-01 2.665401e-05 2.665401e-05 2.373638e-06 -1.988457e-06 6.272222e-01 1.130133e+00 2.665401e-01 2.665401e-01 1.146774e-05 -6.381580e-06 -2.509823e-06 -2.576335e-06 -3.348337e-04 9.988642e-01 9.872624e-01
-7.088800e-01 2.648719e-05 2.648719e-05 2.222943e-06 -1.920344e-06 6.243864e-01 1.132842e+00 2.648719e-01 2.648719e-01 1.075788e-05 -6.133762e-06 -2.278442e-06 -2.345675e-06 -3.188643e-04 9.988705e-01 9.872246e-01
-7.089600e-01 2.635282e-05 2.635282e-05 2.009292e-06 -1.709430e-06 6.202623e-01 1.139739e+00 2.635282e-01 2.635282e-01 9.722360e-06 -5.468696e-06 -2.092880e-06 -2.160785e-06 -2.882245e-04 9.989015e-01 9.868191e-01
-7.090400e-01 2.622488e-05 2.622488e-05 1.833224e-06 -1.547961e-06 6.168412e-01 1.145987e+00 2.622488e-01 2.622488e-01 8.864198e-06 -4.962761e-06 -1.916411e-06 -1.985026e-06 -2.636229e-04 9.989214e-01 9.873329e-01
-7.091200e-01 2.609954e-05 2.609954e-05 1.704679e-06 -1.465674e-06 6.143795e-01 1.148375e+00 2.609954e-01 2.609954e-01 8.247480e-06 -4.691070e-06 -1.743596e-06 -1.812814e-06 -2.478693e-04 9.989302e-01 9.868134e-01
-7.092000e-01 2.599500e-05 2.599500e-05 1.503971e-06 -1.243636e-06 6.104834e-01 1.155594e+00 2.599500e-01 2.599500e-01 7.270335e-06 -4.000161e-06 -1.600156e-06 -1.670018e-06 -2.167820e-04 9.989518e-01 9.864366e-01
-7.092800e-01 2.589076e-05 2.589076e-05 1.394865e-06 -1.172793e-06 6.084039e-01 1.158292e+00 2.589076e-01 2.589076e-01 6.749734e-06 -3.765031e-06 -1.457132e-06 -1.527571e-06 -2.030602e-04 9.989568e-01 9.865065e-01
-7.093600e-01 2.579909e-05 2.579909e-05 1.240069e-06 -1.010001e-06 6.053949e-01 1.163246e+00 2.579909e-01 2.579909e-01 5.995002e-06 -3.260288e-06 -1.331849e-06 -1.402865e-06 -1.793724e-04 9.989739e-01 9.859677e-01
-7.094400e-01 2.570382e-05 2.570382e-05 1.147010e-06 -9.530814e-07 6.036093e-01 1.164716e+00 2.570382e-01 2.570382e-01 5.548579e-06 -3.074066e-06 -1.201471e-06 -1.273041e-06 -1.677308e-04 9.989742e-01 9.854751e-01
-7.095200e-01 2.561637e-05 2.561637e-05 1.000838e-06 -8.008589e-07 6.007716e-01 1.169157e+00 2.561637e-01 2.561637e-01 4.837544e-06 -2.601073e-06 -1.082148e-06 -1.154323e-06 -1.451926e-04 9.989854e-01 9.848051e-01
-7.096000e-01 2.553169e-05 2.553169e-05 8.934439e-07 -7.125117e-07 5.987180e-01 1.171747e+00 2.553169e-01 2.553169e-01 4.323307e-06 -2.317131e-06 -9.667184e-07 -1.039458e-06 -1.300431e-04 9.989912e-01 9.843396e-01
-7.096800e-01 2.545574e-05 2.545574e-05 7.916222e-07 -6.255210e-07 5.967765e-01 1.173743e+00 2.545574e-01 2.545574e-01 3.837675e-06 -2.037238e-06 -8.636033e-07 -9.368333e-07 -1.153947e-04 9.989929e-01 9.834236e-01
-7.097600e-01 2.538885e-05 2.538885e-05 6.973734e-07 -5.420323e-07 5.949837e-01 1.176325e+00 2.538885e-01 2.538885e-01 3.389448e-06 -1.769207e-06 -7.732697e-07 -8.469717e-07 -1.015929e-04 9.989932e-01 9.830975e-01
-7.098400e-01 2.533186e-05 2.533186e-05 6.025907e-07 -4.473482e-07 5.931764e-01 1.178850e+00 2.533186e-01 2.533186e-01 2.937698e-06 -1.469786e-06 -6.969072e-07 -7.710054e-07 -8.699487e-05 9.989927e-01 9.824382e-01
-7.099200e-01 2.528215e-05 2.528215e-05 5.449284e-07 -4.070290e-07 5.921064e-01 1.179817e+00 2.528215e-01 2.528215e-01 2.671367e-06 -1.335367e-06 -6.307925e-07 -7.052080e-07 -7.924038e-05 9.989846e-01 9.820050e-01
-7.100000e-01 2.524037e-05 2.524037e-05 4.832975e-07 -3.517087e-07 5.909533e-01 1.181422e+00 2.524037e-01 2.524037e-01 2.384564e-06 -1.158118e-06 -5.758718e-07 -6.505738e-07 -7.017887e-05 9.989745e-01 9.817053e-01
-7.100800e-01 2.520467e-05 2.520467e-05 4.287011e-07 -3.016183e-07 5.899334e-01 1.182709e+00 2.520467e-01 2.520467e-01 2.132280e-06 -9.983094e-07 -5.295158e-07 -6.044549e-07 -6.210336e-05 9.989560e-01 9.813039e-01
-7.101600e-01 2.517446e-05 2.517446e-05 3.755587e-07 -2.469056e-07 5.889297e-01 1.184298e+00 2.517446e-01 2.517446e-01 1.883200e-06 -8.262391e-07 -4.909042e-07 -5.660564e-07 -5.381325e-05 9.989433e-01 9.810384e-01
-7.102400e-01 2.514811e-05 2.514811e-05 3.490023e-07 -2.297257e-07 5.884195e-01 1.184712e+00 2.514811e-01 2.514811e-01 1.758744e-06 -7.679846e-07 -4.577241e-07 -5.330355e-07 -5.023696e-05 9.989220e-01 9.808459e-01
-7.103200e-01 2.512519e-05 2.512519e-05 3.259001e-07 -2.091269e-07 5.879138e-01 1.185297e+00 2.512519e-01 2.512519e-01 1.634916e-06 -7.006677e-07 -4.293973e-07 -5.048515e-07 -4.647893e-05 9.989041e-01 9.807123e-01
-7.104000e-01 2.510500e-05 2.510500e-05 2.975893e-07 -1.704500e-07 5.872303e-01 1.186346e+00 2.510500e-01 2.510500e-01 1.465571e-06 -5.801839e-07 -4.049013e-07 -4.804862e-07 -4.074399e-05 9.988936e-01 9.804743e-01
-7.104800e-01 2.508653e-05 2.508653e-05 2.911544e-07 -1.634612e-07 5.869533e-01 1.186581e+00 2.508653e-01 2.508653e-01 1.396840e-06 -5.554795e-07 -3.828374e-07 -4.585227e-07 -3.891171e-05 9.988901e-01 9.804414e-01
-7.105600e-01 2.506968e-05 2.506968e-05 2.757963e-07 -1.427831e-07 5.865382e-01 1.187153e+00 2.506968e-01 2.506968e-01 1.292148e-06 -4.902505e-07 -3.630603e-07 -4.388371e-07 -3.554889e-05 9.988964e-01 9.803161e-01
-7.106400e-01 2.505424e-05 2.505424e-05 2.530118e-07 -1.135871e-07 5.860425e-01 1.188000e+00 2.505424e-01 2.505424e-01 1.166237e-06 -3.998337e-07 -3.452697e-07 -4.211337e-07 -3.125361e-05 9.989099e-01 9.801864e-01
-7.107200e-01 2.503997e-05 2.503997e-05 2.391042e-07 -1.014610e-07 5.857663e-01 1.188306e+00 2.503997e-01 2.503997e-01 1.095100e-06 -3.609133e-07 -3.291284e-07 -4.050579e-07 -2.907377e-05 9.989244e-01 9.800822e-01
-7.108000e-01 2.502688e-05 2.502688e-05 2.279428e-07 -9.384489e-08 5.855597e-01 1.188578e+00 2.502688e-01 2.502688e-01 1.041105e-06 -3.358313e-07 -3.146422e-07 -3.906313e-07 -2.750915e-05 9.989404e-01 9.800766e-01
-7.108800e-01 2.501480e-05 2.501480e-05 2.140000e-07 -8.066503e-08 5.852991e-01 1.188953e+00 2.501480e-01 2.501480e-01 9.735813e-07 -2.943435e-07 -3.015970e-07 -3.776408e-07 -2.534349e-05 9.989567e-01 9.800060e-01
-7.109600e-01 2.500363e-05 2.500363e-05 1.970731e-07 -6.171527e-08 5.849804e-01 1.189482e+00 2.500363e-01 2.500363e-01 8.915277e-07 -2.357883e-07 -2.898214e-07 -3.659180e-07 -2.254304e-05 9.989731e-01 9.799056e-01
-7.110400e-01 2.499319e-05 2.499319e-05 1.907569e-07 -5.992091e-08 5.848758e-01 1.189564e+00 2.499319e-01 2.499319e-01 8.631565e-07 -2.288764e-07 -2.790717e-07 -3.552084e-07 -2.184661e-05 9.989884e-01 9.799100e-01
-7.111200e-01 2.498345e-05 2.498345e-05 1.815045e-07 -5.267513e-08 5.847141e-01 1.189780e+00 2.498345e-01 2.498345e-01 8.205707e-07 -2.057853e-07 -2.693048e-07 -3.454805e-07 -2.054072e-05 9.990031e-01 9.798767e-01
-7.112000e-01 2.497432e-05 2.497432e-05 1.695249e-07 -4.030204e-08 5.844986e-01 1.190146e+00 2.497432e-01 2.497432e-01 7.645111e-07 -1.674648e-07 -2.604156e-07 -3.366306e-07 -1.865868e-05 9.990182e-01 9.798275e-01
-7.112800e-01 2.496573e-05 2.496573e-05 1.577654e-07 -2.772966e-08 5.842865e-01 1.190496e+00 2.496573e-01 2.496573e-01 7.094770e-07 -1.286738e-07 -2.522762e-07 -3.285270e-07 -1.678602e-05 9.990320e-01 9.797604e-01
-7.113600e-01 2.495761e-05 2.495761e-05 1.529371e-07 -2.621269e-08 5.842119e-01 1.190575e+00 2.495761e-01 2.495761e-01 6.889988e-07 -1.231486e-07 -2.447852e-07 -3.210649e-07 -1.627054e-05 9.990446e-01 9.797755e-01
-7.114400e-01 2.494991e-05 2.494991e-05 1.462300e-07 -2.109672e-08 5.840990e-01 1.190725e+00 2.494991e-01 2.494991e-01 6.590302e-07 -1.069265e-07 -2.378981e-07 -3.142055e-07 -1.534989e-05 9.990565e-01 9.797507e-01
-7.115200e-01 2.494260e-05 2.494260e-05 1.359480e-07 -9.581602e-09 5.839140e-01 1.191062e+00 2.494260e-01 2.494260e-01 6.110838e-07 -7.159738e-08 -2.315745e-07 -3.079120e-07 -1.368504e-05 9.990682e-01 9.797049e-01
-7.116000e-01 2.493563e-05 2.493563e-05 1.306141e-07 -5.927159e-09 5.838268e-01 1.191177e+00 2.493563e-01 2.493563e-01 5.877090e-07 -5.991767e-08 -2.257149e-07 -3.020764e-07 -1.298597e-05 9.990789e-01 9.796926e-01
-7.116800e-01 2.492897e-05 2.492897e-05 1.245522e-07 -6.855007e-10 5.837238e-01 1.191329e+00 2.492897e-01 2.492897e-01 5.605121e-07 -4.354319e-08 -2.202921e-07 -2.966768e-07 -1.211553e-05 9.990889e-01 9.796681e-01
-7.117600e-01 2.492260e-05 2.492260e-05 1.189569e-07 4.121755e-09 5.836291e-01 1.191476e+00 2.492260e-01 2.492260e-01 5.354748e-07 -2.853002e-08 -2.152690e-07 -2.916758e-07 -1.131513e-05 9.990982e-01 9.796513e-01
-7.118400e-01 2.491647e-05 2.491647e-05 1.141702e-07 7.897633e-09 5.835492e-01 1.191595e+00 2.491647e-01 2.491647e-01 5.142907e-07 -1.666164e-08 -2.106009e-07 -2.870282e-07 -1.065465e-05 9.991065e-01 9.796412e-01
-7.119200e-01 2.491058e-05 2.491058e-05 1.100808e-07 1.079615e-08 5.834824e-01 1.191684e+00 2.491058e-01 2.491058e-01 4.964315e-07 -7.471071e-09 -2.062572e-07 -2.827033e-07 -1.011423e-05 9.991145e-01 9.796302e-01
-7.120000e-01 2.490490e-05 2.490490e-05 1.045637e-07 1.634894e-08 5.833861e-01 1.191853e+00 2.490490e-01 2.490490e-01 4.712616e-07 9.638977e-09 -2.022173e-07 -2.786833e-07 -9.267706e-06 9.991220e-01 9.796126e-01
-7.120800e-01 2.489941e-05 2.489941e-05 1.011042e-07 1.871128e-08 5.833299e-01 1.191924e+00 2.489941e-01 2.489941e-01 4.562166e-07 1.714295e-08 -1.984385e-07 -2.749211e-07 -8.816949e-06 9.991288e-01 9.796025e-01
-7.121600e-01 2.489410e-05 2.489410e-05 9.675078e-08 2.279703e-08 5.832549e-01 1.192050e+00 2.489410e-01 2.489410e-01 4.365452e-07 2.978267e-08 -1.949139e-07 -2.714140e-07 -8.169859e-06 9.991353e-01 9.795909e-01
-7.122400e-01 2.488894e-05 2.488894e-05 9.453381e-08 2.352345e-08 5.832217e-01 1.192071e+00 2.488894e-01 2.488894e-01 4.274070e-07 3.231671e-08 -1.916047e-07 -2.681190e-07 -7.937065e-06 9.991411e-01 9.795846e-01
-7.123200e-01 2.488394e-05 2.488394e-05 8.938367e-08 2.934327e-08 5.831293e-01 1.192245e+00 2.488394e-01 2.488394e-01 4.034677e-07 5.010014e-08 -1.885180e-07 -2.650498e-07 -7.100312e-06 9.991467e-01 9.795657e-01
-7.124000e-01 2.487907e-05 2.487907e-05 8.696263e-08 3.078496e-08 5.830905e-01 1.192291e+00 2.487907e-01 2.487907e-01 3.930399e-07 5.472783e-08 -1.856111e-07 -2.621566e-07 -6.799129e-06 9.991517e-01 9.795606e-01
-7.124800e-01 2.487433e-05 2.487433e-05 8.359641e-08 3.397234e-08 5.830321e-01 1.192389e+00 2.487433e-01 2.487433e-01 3.777609e-07 6.456913e-08 -1.828849e-07 -2.594451e-07 -6.295482e-06 9.991564e-01 9.795515e-01
-7.125600e-01 2.486970e-05 2.486970e-05 8.034576e-08 3.711754e-08 5.829754e-01 1.192484e+00 2.486970e-01 2.486970e-01 3.629505e-07 7.426360e-08 -1.803199e-07 -2.568942e-07 -5.803989e-06 9.991608e-01 9.795407e-01
-7.126400e-01 2.486517e-05 2.486517e-05 7.890839e-08 3.737589e-08 5.829543e-01 1.192493e+00 2.486517e-01 2.486517e-01 3.571010e-07 7.528101e-08 -1.778981e-07 -2.544840e-07 -5.666963e-06 9.991647e-01 9.795391e-01
-7.127200e-01 2.486075e-05 2.486075e-05 7.560699e-08 4.087643e-08 5.828953e-01 1.192600e+00 2.486075e-01 2.486075e-01 3.418369e-07 8.600619e-08 -1.756218e-07 -2.522213e-07 -5.145273e-06 9.991683e-01 9.795290e-01
-7.128000e-01 2.485641e-05 2.485641e-05 7.377305e-08 4.204661e-08 5.828653e-01 1.192636e+00 2.485641e-01 2.485641e-01 3.338220e-07 8.972644e-08 -1.734687e-07 -2.500798e-07 -4.910112e-06 9.991718e-01 9.795248e-01
-7.128800e-01 2.485217e-05 2.485217e-05 7.141290e-08 4.420561e-08 5.828243e-01 1.192701e+00 2.485217e-01 2.485217e-01 3.230979e-07 9.639834e-08 -1.714366e-07 -2.480596e-07 -4.560962e-06 9.991751e-01 9.795172e-01
-7.129600e-01 2.484800e-05 2.484800e-05 6.919881e-08 4.622286e-08 5.827858e-01 1.192763e+00 2.484800e-01 2.484800e-01 3.130310e-07 1.026323e-07 -1.695144e-07 -2.461490e-07 -4.233715e-06 9.991780e-01 9.795108e-01
-7.130400e-01 2.484390e-05 2.484390e-05 6.733134e-08 4.775652e-08 5.827537e-01 1.192810e+00 2.484390e-01 2.484390e-01 3.046291e-07 1.074042e-07 -1.676939e-07 -2.443394e-07 -3.969284e-06 9.991807e-01 9.795061e-01
-7.131200e-01 2.483987e-05 2.483987e-05 6.494920e-08 5.023725e-08 5.827111e-01 1.192885e+00 2.483987e-01 2.483987e-01 2.935935e-07 1.150057e-07 -1.659712e-07 -2.426281e-07 -3.594781e-06 9.991833e-01 9.794983e-01
-7.132000e-01 2.483590e-05 2.483590e-05 6.447671e-08 4.961200e-08 5.827062e-01 1.192866e+00 2.483590e-01 2.483590e-01 2.920472e-07 1.132813e-07 -1.643314e-07 -2.409972e-07 -3.598943e-06 9.991855e-01 9.794988e-01
-7.132800e-01 2.483200e-05 2.483200e-05 6.194106e-08 5.250843e-08 5.826598e-01 1.192954e+00 2.483200e-01 2.483200e-01 2.801310e-07 1.221105e-07 -1.627823e-07 -2.394593e-07 -3.181792e-06 9.991878e-01 9.794906e-01
-7.133600e-01 2.482814e-05 2.482814e-05 6.162821e-08 5.176663e-08 5.826575e-01 1.192930e+00 2.482814e-01 2.482814e-01 2.792754e-07 1.200186e-07 -1.613044e-07 -2.379896e-07 -3.207183e-06 9.991897e-01 9.794895e-01
-7.134400e-01 2.482435e-05 2.482435e-05 5.922293e-08 5.458642e-08 5.826131e-01 1.193018e+00 2.482435e-01 2.482435e-01 2.679068e-07 1.286019e-07 -1.599063e-07 -2.366024e-07 -2.805813e-06 9.991915e-01 9.794837e-01
-7.135200e-01 2.482060e-05 2.482060e-05 5.609497e-08 5.867717e-08 5.825542e-01 1.193140e+00 2.482060e-01 2.482060e-01 2.528770e-07 1.409896e-07 -1.585796e-07 -2.352871e-07 -2.253923e-06 9.991936e-01 9.794707e-01
-7.136000e-01 2.481689e-05 2.481689e-05 5.604944e-08 5.768311e-08 5.825563e-01 1.193110e+00 2.481689e-01 2.481689e-01 2.532105e-07 1.381192e-07 -1.573073e-07 -2.340224e-07 -2.318809e-06 9.991950e-01 9.794725e-01
-7.136800e-01 2.481323e-05 2.481323e-05 5.435712e-08 5.949581e-08 5.825254e-01 1.193170e+00 2.481323e-01 2.481323e-01 2.452651e-07 1.436613e-07 -1.561008e-07 -2.328256e-07 -2.047371e-06 9.991964e-01 9.794708e-01
-7.137600e-01 2.480961e-05 2.480961e-05 5.369148e-08 5.964790e-08 5.825146e-01 1.193172e+00 2.480961e-01 2.480961e-01 2.424108e-07 1.442165e-07 -1.549472e-07 -2.316801e-07 -1.978958e-06 9.991975e-01 9.794676e-01
-7.138400e-01 2.480603e-05 2.480603e-05 5.338891e-08 5.924504e-08 5.825110e-01 1.193159e+00 2.480603e-01 2.480603e-01 2.413319e-07 1.431015e-07 -1.538465e-07 -2.305869e-07 -1.979970e-06 9.991987e-01 9.794665e-01
-7.139200e-01 2.480249e-05 2.480249e-05 5.114701e-08 6.224940e-08 5.824685e-01 1.193247e+00 2.480249e-01 2.480249e-01 2.305162e-07 1.518370e-07 -1.528014e-07 -2.295518e-07 -1.586115e-06 9.991999e-01 9.794598e-01
-7.140000e-01 2.479897e-05 2.479897e-05 4.998828e-08 6.334186e-08 5.824474e-01 1.193283e+00 2.479897e-01 2.479897e-01 2.250857e-07 1.552727e-07 -1.517998e-07 -2.285587e-07 -1.407578e-06 9.992010e-01 9.794573e-01
-7.140800e-01 2.479549e-05 2.479549e-05 4.812953e-08 6.562369e-08 5.824122e-01 1.193356e+00 2.479549e-01 2.479549e-01 2.161246e-07 1.623327e-07 -1.508446e-07 -2.276128e-07 -1.084711e-06 9.992021e-01 9.794530e-01
-7.141600e-01 2.479204e-05 2.479204e-05 4.830568e-08 6.456409e-08 5.824172e-01 1.193321e+00 2.479204e-01 2.479204e-01 2.173084e-07 1.593150e-07 -1.499244e-07 -2.266990e-07 -1.169598e-06 9.992027e-01 9.794519e-01
-7.142400e-01 2.478862e-05 2.478862e-05 4.650581e-08 6.685442e-08 5.823830e-01 1.193393e+00 2.478862e-01 2.478862e-01 2.085865e-07 1.662965e-07 -1.490496e-07 -2.258334e-07 -8.530131e-07 9.992038e-01 9.794470e-01
-7.143200e-01 2.478522e-05 2.478522e-05 4.543058e-08 6.797655e-08 5.823629e-01 1.193427e+00 2.478522e-01 2.478522e-01 2.034638e-07 1.697465e-07 -1.482093e-07 -2.250010e-07 -6.801891e-07 9.992045e-01 9.794434e-01
-7.144000e-01 2.478185e-05 2.478185e-05 4.601559e-08 6.636115e-08 5.823758e-01 1.193377e+00 2.478185e-01 2.478185e-01 2.066206e-07 1.649753e-07 -1.473992e-07 -2.241968e-07 -8.402387e-07 9.992049e-01 9.794465e-01
-7.144800e-01 2.477850e-05 2.477850e-05 4.670187e-08 6.460968e-08 5.823907e-01 1.193322e+00 2.477850e-01 2.477850e-01 2.102651e-07 1.597828e-07 -1.466223e-07 -2.234256e-07 -1.018672e-06 9.992055e-01 9.794484e-01
-7.145600e-01 2.477517e-05 2.477517e-05 4.551608e-08 6.601004e-08 5.823681e-01 1.193368e+00 2.477517e-01 2.477517e-01 2.045316e-07 1.640413e-07 -1.458807e-07 -2.226922e-07 -8.171539e-07 9.992060e-01 9.794478e-01
-7.146400e-01 2.477187e-05 2.477187e-05 4.204061e-08 7.125771e-08 5.822998e-01 1.193529e+00 2.477187e-01 2.477187e-01 1.873347e-07 1.798368e-07 -1.451746e-07 -2.219968e-07 -1.513396e-07 9.992069e-01 9.794354e-01
-7.147200e-01 2.476858e-05 2.476858e-05 4.271870e-08 6.959682e-08 5.823142e-01 1.193478e+00 2.476858e-01 2.476858e-01 1.908911e-07 1.749078e-07 -1.444856e-07 -2.213133e-07 -3.226520e-07 9.992072e-01 9.794383e-01
-7.148000e-01 2.476532e-05 2.476532e-05 4.039853e-08 7.296270e-08 5.822688e-01 1.193576e+00 2.476532e-01 2.476532e-01 1.794440e-07 1.850535e-07 -1.438304e-07 -2.206671e-07 1.132535e-07 9.992079e-01 9.794261e-01
-7.148800e-01 2.476207e-05 2.476207e-05 4.119740e-08 7.114408e-08 5.822855e-01 1.193518e+00 2.476207e-01 2.476207e-01 1.835802e-07 1.796465e-07 -1.431924e-07 -2.200343e-07 -7.943036e-08 9.992081e-01 9.794284e-01
-7.149600e-01 2.475884e-05 2.475884e-05 4.004859e-08 7.259660e-08 5.822633e-01 1.193571e+00 2.475884e-01 2.475884e-01 1.779674e-07 1.840493e-07 -1.425834e-07 -2.194334e-07 1.228235e-07 9.992086e-01 9.794312e-01
-7.150400e-01 2.475562e-05 2.475562e-05 3.962917e-08 7.285034e-08 5.822556e-01 1.193576e+00 2.475562e-01 2.475562e-01 1.759925e-07 1.848540e-07 -1.419950e-07 -2.188515e-07 1.789800e-07 9.992090e-01 9.794284e-01
-7.151200e-01 2.475242e-05 2.475242e-05 3.893187e-08 7.358572e-08 5.822423e-01 1.193601e+00 2.475242e-01 2.475242e-01 1.726195e-07 1.871015e-07 -1.414287e-07 -2.182924e-07 2.925381e-07 9.992093e-01 9.794282e-01
-7.152000e-01 2.474924e-05 2.474924e-05 4.041788e-08 7.069416e-08 5.822726e-01 1.193514e+00 2.474924e-01 2.474924e-01 1.801552e-07 1.784684e-07 -1.408778e-07 -2.177458e-07 -3.407869e-08 9.992095e-01 9.794357e-01
-7.152800e-01 2.474607e-05 2.474607e-05 3.703577e-08 7.594267e-08 5.822057e-01 1.193670e+00 2.474607e-01 2.474607e-01 1.633438e-07 1.942493e-07 -1.403575e-07 -2.172356e-07 6.244523e-07 9.992101e-01 9.794195e-01
-7.153600e-01 2.474291e-05 2.474291e-05 3.885045e-08 7.253356e-08 5.822424e-01 1.193569e+00 2.474291e-01 2.474291e-01 1.725091e-07 1.840606e-07 -1.398438e-07 -2.167259e-07 2.334296e-07 9.992102e-01 9.794298e-01
-7.154400e-01 2.473977e-05 2.473977e-05 3.742936e-08 7.453870e-08 5.822145e-01 1.193629e+00 2.473977e-01 2.473977e-01 1.654901e-07 1.901098e-07 -1.393551e-07 -2.162448e-07 4.975730e-07 9.992105e-01 9.794234e-01
-7.155200e-01 2.473664e-05 2.473664e-05 3.770816e-08 7.372085e-08 5.822206e-01 1.193610e+00 2.473664e-01 2.473664e-01 1.669650e-07 1.876906e-07 -1.388800e-07 -2.157757e-07 4.189252e-07 9.992108e-01 9.794299e-01
-7.156000e-01 2.473352e-05 2.473352e-05 3.578890e-08 7.658378e-08 5.821827e-01 1.193695e+00 2.473352e-01 2.473352e-01 1.574449e-07 1.963100e-07 -1.384255e-07 -2.153294e-07 7.856785e-07 9.992112e-01 9.794210e-01
-7.156800e-01 2.473041e-05 2.473041e-05 3.553541e-08 7.667901e-08 5.821780e-01 1.193697e+00 2.473041e-01 2.473041e-01 1.562488e-07 1.966266e-07 -1.379826e-07 -2.148927e-07 8.163597e-07 9.992114e-01 9.794203e-01
-7.157600e-01 2.472731e-05 2.472731e-05 3.555156e-08 7.633602e-08 5.821787e-01 1.193688e+00 2.472731e-01 2.472731e-01 1.563967e-07 1.956275e-07 -1.375541e-07 -2.144701e-07 7.932685e-07 9.992115e-01 9.794215e-01
-7.158400e-01 2.472422e-05 2.472422e-05 3.471717e-08 7.742340e-08 5.821624e-01 1.193719e+00 2.472422e-01 2.472422e-01 1.522883e-07 1.989176e-07 -1.371415e-07 -2.140643e-07 9.429887e-07 9.992118e-01 9.794172e-01
-7.159200e-01 2.472114e-05 2.472114e-05 3.465043e-08 7.724018e-08 5.821614e-01 1.193709e+00 2.472114e-01 2.472114e-01 1.520144e-07 1.983952e-07 -1.367406e-07 -2.136690e-07 9.380804e-07 9.992119e-01 9.794137e-01
-7.160000e-01 2.471808e-05 2.471808e-05 3.258461e-08 8.040344e-08 5.821205e-01 1.193808e+00 2.471808e-01 2.471808e-01 1.417419e-07 2.079097e-07 -1.363573e-07 -2.132943e-07 1.338451e-06 9.992123e-01 9.794084e-01
-7.160800e-01 2.471502e-05 2.471502e-05 3.285776e-08 7.967299e-08 5.821263e-01 1.193791e+00 2.471502e-01 2.471502e-01 1.431609e-07 2.057443e-07 -1.359813e-07 -2.129240e-07 1.266101e-06 9.992124e-01 9.794142e-01
-7.161600e-01 2.471197e-05 2.471197e-05 3.425469e-08 7.707633e-08 5.821544e-01 1.193714e+00 2.471197e-01 2.471197e-01 1.501961e-07 1.979803e-07 -1.356148e-07 -2.125616e-07 9.668224e-07 9.992123e-01 9.794219e-01
-7.162400e-01 2.470893e-05 2.470893e-05 3.054889e-08 8.300354e-08 5.820808e-01 1.193882e+00 2.470893e-01 2.470893e-01 1.317155e-07 2.157818e-07 -1.352705e-07 -2.122269e-07 1.701131e-06 9.992130e-01 9.793970e-01
-7.163200e-01 2.470589e-05 2.470589e-05 3.215604e-08 8.007331e-08 5.821131e-01 1.193796e+00 2.470589e-01 2.470589e-01 1.397966e-07 2.070154e-07 -1.349258e-07 -2.118862e-07 1.360380e-06 9.992128e-01 9.794069e-01
-7.164000e-01 2.470287e-05 2.470287e-05 3.257366e-08 7.913639e-08 5.821217e-01 1.193778e+00 2.470287e-01 2.470287e-01 1.419279e-07 2.042275e-07 -1.345947e-07 -2.115607e-07 1.260978e-06 9.992130e-01 9.794170e-01
-7.164800e-01 2.469985e-05 2.469985e-05 2.986974e-08 8.341588e-08 5.820680e-01 1.193899e+00 2.469985e-01 2.469985e-01 1.284497e-07 2.170843e-07 -1.342797e-07 -2.112543e-07 1.794232e-06 9.992134e-01 9.793990e-01
-7.165600e-01 2.469684e-05 2.469684e-05 3.128590e-08 8.082762e-08 5.820964e-01 1.193822e+00 2.469684e-01 2.469684e-01 1.355696e-07 2.093412e-07 -1.339661e-07 -2.109447e-07 1.493544e-06 9.992133e-01 9.794070e-01
-7.166400e-01 2.469383e-05 2.469383e-05 3.248801e-08 7.860378e-08 5.821206e-01 1.193757e+00 2.469383e-01 2.469383e-01 1.416173e-07 2.026905e-07 -1.336625e-07 -2.106453e-07 1.236607e-06 9.992133e-01 9.794138e-01
-7.167200e-01 2.469083e-05 2.469083e-05 3.220823e-08 7.885929e-08 5.821152e-01 1.193766e+00 2.469083e-01 2.469083e-01 1.402541e-07 2.034759e-07 -1.333706e-07 -2.103594e-07 1.280269e-06 9.992133e-01 9.794139e-01
-7.168000e-01 2.468785e-05 2.468785e-05 2.955172e-08 8.308749e-08 5.820624e-01 1.193888e+00 2.468785e-01 2.468785e-01 1.270057e-07 2.161764e-07 -1.330923e-07 -2.100898e-07 1.805963e-06 9.992137e-01 9.793986e-01
-7.168800e-01 2.468486e-05 2.468486e-05 3.120982e-08 8.012239e-08 5.820957e-01 1.193808e+00 2.468486e-01 2.468486e-01 1.353286e-07 2.073009e-07 -1.328139e-07 -2.098155e-07 1.457824e-06 9.992138e-01 9.794140e-01
-7.169600e-01 2.468188e-05 2.468188e-05 2.954714e-08 8.270437e-08 5.820626e-01 1.193880e+00 2.468188e-01 2.468188e-01 1.270463e-07 2.150622e-07 -1.325498e-07 -2.095586e-07 1.783006e-06 9.992138e-01 9.794020e-01
-7.170400e-01 2.467891e-05 2.467891e-05 2.791612e-08 8.523968e-08 5.820304e-01 1.193958e+00 2.467891e-01 2.467891e-01 1.189210e-07 2.226831e-07 -1.322939e-07 -2.093102e-07 2.102241e-06 9.992143e-01 9.793963e-01
-7.171200e-01 2.467594e-05 2.467594e-05 3.050606e-08 8.073702e-08 5.820821e-01 1.193828e+00 2.467594e-01 2.467594e-01 1.318990e-07 2.091937e-07 -1.320368e-07 -2.090559e-07 1.566197e-06 9.992140e-01 9.794130e-01
-7.172000e-01 2.467298e-05 2.467298e-05 2.951361e-08 8.221744e-08 5.820625e-01 1.193870e+00 2.467298e-01 2.467298e-01 1.269640e-07 2.136497e-07 -1.317940e-07 -2.088197e-07 1.756692e-06 9.992141e-01 9.794069e-01
-7.172800e-01 2.467002e-05 2.467002e-05 2.874157e-08 8.333526e-08 5.820472e-01 1.193899e+00 2.467002e-01 2.467002e-01 1.231300e-07 2.170172e-07 -1.315577e-07 -2.085896e-07 1.902860e-06 9.992143e-01 9.793997e-01
-7.173600e-01 2.466707e-05 2.466707e-05 2.918254e-08 8.243412e-08 5.820562e-01 1.193876e+00 2.466707e-01 2.466707e-01 1.253600e-07 2.143289e-07 -1.313259e-07 -2.083630e-07 1.803394e-06 9.992143e-01 9.794058e-01
-7.174400e-01 2.466413e-05 2.466413e-05 2.783166e-08 8.452757e-08 5.820294e-01 1.193936e+00 2.466413e-01 2.466413e-01 1.186298e-07 2.206222e-07 -1.311039e-07 -2.081481e-07 2.067627e-06 9.992146e-01 9.793976e-01
-7.175200e-01 2.466118e-05 2.466118e-05 2.900654e-08 8.241110e-08 5.820529e-01 1.193867e+00 2.466118e-01 2.466118e-01 1.245273e-07 2.142872e-07 -1.308833e-07 -2.079311e-07 1.819862e-06 9.992144e-01 9.793986e-01
-7.176000e-01 2.465825e-05 2.465825e-05 2.577967e-08 8.764410e-08 5.819887e-01 1.194025e+00 2.465825e-01 2.465825e-01 1.084154e-07 2.299966e-07 -1.306774e-07 -2.077346e-07 2.465327e-06 9.992149e-01 9.793851e-01
-7.176800e-01 2.465531e-05 2.465531e-05 2.847048e-08 8.300704e-08 5.820424e-01 1.193895e+00 2.465531e-01 2.465531e-01 1.218907e-07 2.161010e-07 -1.304659e-07 -2.075259e-07 1.910549e-06 9.992146e-01 9.794046e-01
-7.177600e-01 2.465239e-05 2.465239e-05 2.814633e-08 8.340491e-08 5.820361e-01 1.193898e+00 2.465239e-01 2.465239e-01 1.202907e-07 2.173065e-07 -1.302659e-07 -2.073312e-07 1.967676e-06 9.992148e-01 9.793966e-01
-7.178400e-01 2.464946e-05 2.464946e-05 2.613639e-08 8.661970e-08 5.819961e-01 1.193999e+00 2.464946e-01 2.464946e-01 1.102609e-07 2.269614e-07 -1.300744e-07 -2.071479e-07 2.367200e-06 9.992150e-01 9.793913e-01
-7.179200e-01 2.464654e-05 2.464654e-05 2.644614e-08 8.596793e-08 5.820024e-01 1.193988e+00 2.464654e-01 2.464654e-01 1.118288e-07 2.250182e-07 -1.298841e-07 -2.069630e-07 2.296254e-06 9.992150e-01 9.793999e-01
-7.180000e-01 2.464363e-05 2.464363e-05 2.674169e-08 8.534324e-08 5.820085e-01 1.193963e+00 2.464363e-01 2.464363e-01 1.133251e-07 2.231559e-07 -1.296986e-07 -2.067824e-07 2.228381e-06 9.992151e-01 9.793965e-01
-7.180800e-01 2.464071e-05 2.464071e-05 2.619062e-08 8.613505e-08 5.819975e-01 1.193988e+00 2.464071e-01 2.464071e-01 1.105876e-07 2.255419e-07 -1.295198e-07 -2.066097e-07 2.332607e-06 9.992152e-01 9.793949e-01
-7.181600e-01 2.463780e-05 2.463780e-05 2.949907e-08 8.049046e-08 5.820637e-01 1.193812e+00 2.463780e-01 2.463780e-01 1.271470e-07 2.086215e-07 -1.293387e-07 -2.064297e-07 1.653444e-06 9.992150e-01 9.794053e-01
-7.182400e-01 2.463490e-05 2.463490e-05 2.489405e-08 8.805343e-08 5.819719e-01 1.194043e+00 2.463490e-01 2.463490e-01 1.041388e-07 2.313170e-07 -1.291768e-07 -2.062789e-07 2.581261e-06 9.992153e-01 9.793878e-01
-7.183200e-01 2.463200e-05 2.463200e-05 2.555100e-08 8.683966e-08 5.819850e-01 1.194007e+00 2.463200e-01 2.463200e-01 1.074396e-07 2.276864e-07 -1.290096e-07 -2.061163e-07 2.440865e-06 9.992152e-01 9.793908e-01
-7.184000e-01 2.462910e-05 2.462910e-05 2.331927e-08 9.044917e-08 5.819407e-01 1.194110e+00 2.462910e-01 2.462910e-01 9.629668e-08 2.385226e-07 -1.288524e-07 -2.059669e-07 2.887354e-06 9.992157e-01 9.793768e-01
-7.184800e-01 2.462621e-05 2.462621e-05 2.615857e-08 8.560025e-08 5.819974e-01 1.193970e+00 2.462621e-01 2.462621e-01 1.105082e-07 2.239883e-07 -1.286898e-07 -2.058066e-07 2.304053e-06 9.992154e-01 9.793944e-01
-7.185600e-01 2.462332e-05 2.462332e-05 2.516472e-08 8.715027e-08 5.819776e-01 1.194018e+00 2.462332e-01 2.462332e-01 1.055536e-07 2.286469e-07 -1.285385e-07 -2.056620e-07 2.499529e-06 9.992156e-01 9.793915e-01
-7.186400e-01 2.462043e-05 2.462043e-05 2.461131e-08 8.796834e-08 5.819666e-01 1.194048e+00 2.462043e-01 2.462043e-01 1.028006e-07 2.311098e-07 -1.283904e-07 -2.055201e-07 2.605746e-06 9.992156e-01 9.793933e-01
-7.187200e-01 2.461754e-05 2.461754e-05 2.519241e-08 8.689603e-08 5.819783e-01 1.194014e+00 2.461754e-01 2.461754e-01 1.057198e-07 2.279023e-07 -1.282439e-07 -2.053783e-07 2.481615e-06 9.992155e-01 9.793947e-01
-7.188000e-01 2.461466e-05 2.461466e-05 2.509783e-08 8.695385e-08 5.819765e-01 1.194011e+00 2.461466e-01 2.461466e-01 1.052603e-07 2.280841e-07 -1.281024e-07 -2.052420e-07 2.494934e-06 9.992156e-01 9.793906e-01
-7.188800e-01 2.461178e-05 2.461178e-05 2.658596e-08 8.437369e-08 5.820063e-01 1.193941e+00 2.461178e-01 2.461178e-01 1.127138e-07 2.203536e-07 -1.279619e-07 -2.051054e-07 2.186754e-06 9.992156e-01 9.794036e-01
-7.189600e-01 2.460890e-05 2.460890e-05 2.355328e-08 8.933926e-08 5.819459e-01 1.194092e+00 2.460890e-01 2.460890e-01 9.756306e-08 2.352557e-07 -1.278331e-07 -2.049857e-07 2.797619e-06 9.992159e-01 9.793918e-01
-7.190400e-01 2.460603e-05 2.460603e-05 2.513719e-08 8.660401e-08 5.819775e-01 1.194003e+00 2.460603e-01 2.460603e-01 1.054947e-07 2.270592e-07 -1.276991e-07 -2.048548e-07 2.470218e-06 9.992157e-01 9.793938e-01
-7.191200e-01 2.460316e-05 2.460316e-05 2.309428e-08 8.992273e-08 5.819368e-01 1.194100e+00 2.460316e-01 2.460316e-01 9.529210e-08 2.370214e-07 -1.275751e-07 -2.047384e-07 2.880306e-06 9.992159e-01 9.793821e-01
-7.192000e-01 2.460029e-05 2.460029e-05 2.344485e-08 8.925021e-08 5.819438e-01 1.194082e+00 2.460029e-01 2.460029e-01 9.705641e-08 2.350118e-07 -1.274499e-07 -2.046183e-07 2.803938e-06 9.992158e-01 9.793854e-01
-7.192800e-01 2.459742e-05 2.459742e-05 2.490065e-08 8.673588e-08 5.819730e-01 1.194006e+00 2.459742e-01 2.459742e-01 1.043465e-07 2.274775e-07 -1.273261e-07 -2.044980e-07 2.502924e-06 9.992158e-01 9.793920e-01
-7.193600e-01 2.459456e-05 2.459456e-05 2.307162e-08 8.970456e-08 5.819365e-01 1.194093e+00 2.459456e-01 2.459456e-01 9.521234e-08 2.363892e-07 -1.272111e-07 -2.043904e-07 2.870082e-06 9.992159e-01 9.793825e-01
-7.194400e-01 2.459170e-05 2.459170e-05 2.408793e-08 8.792800e-08 5.819568e-01 1.194050e+00 2.459170e-01 2.459170e-01 1.003044e-07 2.310677e-07 -1.270941e-07 -2.042780e-07 2.658687e-06 9.992159e-01 9.793952e-01
-7.195200e-01 2.458884e-05 2.458884e-05 2.306616e-08 8.955391e-08 5.819365e-01 1.194098e+00 2.458884e-01 2.458884e-01 9.520590e-08 2.359515e-07 -1.269835e-07 -2.041739e-07 2.861981e-06 9.992161e-01 9.793904e-01
-7.196000e-01 2.458598e-05 2.458598e-05 2.490659e-08 8.640603e-08 5.819733e-01 1.193996e+00 2.458598e-01 2.458598e-01 1.044181e-07 2.265162e-07 -1.268705e-07 -2.040637e-07 2.483084e-06 9.992160e-01 9.793928e-01
-7.196800e-01 2.458313e-05 2.458313e-05 2.493520e-08 8.628338e-08 5.819738e-01 1.193990e+00 2.458313e-01 2.458313e-01 1.045709e-07 2.261545e-07 -1.267635e-07 -2.039619e-07 2.472909e-06 9.992158e-01 9.793910e-01
-7.197600e-01 2.458028e-05 2.458028e-05 2.342547e-08 8.872941e-08 5.819438e-01 1.194058e+00 2.458028e-01 2.458028e-01 9.703183e-08 2.334974e-07 -1.266621e-07 -2.038672e-07 2.775916e-06 9.992160e-01 9.793799e-01
-7.198400e-01 2.457743e-05 2.457743e-05 2.319226e-08 8.904743e-08 5.819392e-01 1.194078e+00 2.457743e-01 2.457743e-01 9.587505e-08 2.344579e-07 -1.265609e-07 -2.037721e-07 2.819312e-06 9.992160e-01 9.793876e-01
-7.199200e-01 2.457458e-05 2.457458e-05 2.226452e-08 9.052601e-08 5.819208e-01 1.194121e+00 2.457458e-01 2.457458e-01 9.124551e-08 2.388990e-07 -1.264635e-07 -2.036811e-07 3.004192e-06 9.992163e-01 9.793827e-01
-7.200000e-01 2.457174e-05 2.457174e-05 2.148438e-08 9.176003e-08 5.819052e-01 1.194159e+00 2.457174e-01 2.457174e-01 8.735368e-08 2.426064e-07 -1.263681e-07 -2.035920e-07 3.159173e-06 9.992163e-01 9.793798e-01
