# ###########
# [default parameters]
#   OrderedDict([('NL', '15'), ('NR', '15'), ('eLu', '0.7085'), ('eLd', '0.7085'), ('eRu', '0.7085'), ('eRd', '0.7085'), ('GNL', '1e-4'), ('GNR', '1e-4'), ('GS', '1.'), ('wL', '5.'), ('wR', '3.'), ('lambdaL', '0.05'), ('lambdaR', '0.05'), ('QL', '1e5'), ('QR', '1e5'), ('TOscL', '5.'), ('TOscR', '5.'), ('TelL', '5.'), ('TelR', '5.'), ('ham', 'chargevib')])
# [assignments]
#   OrderedDict([('muL', 'x'), ('muR', 'x')])
# [variables]
#   ['x']
# [columns]
#   ['x', 'IL', 'IR', 'IphL', 'IphR', 'nOscL', 'nOscR', 'nElL', 'nElR', 'dotEOscL', 'dotEOscR', 'dotEelL', 'dotEelR', 'eta', 'commL', 'commR']
# ###########
# 
0.000000e+00 -1.355273e-20 6.714199e-21 2.136675e-09 3.631648e-09 5.820197e-01 1.214648e+00 4.763947e-01 4.764167e-01 2.864163e-19 2.859199e-19 -1.101396e-20 8.662390e-22 nan 9.999921e-01 9.984774e-01
-2.000000e-02 5.636294e-08 5.636294e-08 -1.338117e-08 1.916703e-08 5.817062e-01 1.215157e+00 4.761500e-01 4.761720e-01 -7.836629e-08 4.583682e-08 1.622745e-08 1.630203e-08 5.509077e+01 9.999921e-01 9.984769e-01
-4.000000e-02 1.127184e-07 1.127184e-07 -2.889149e-08 3.469703e-08 5.813929e-01 1.215665e+00 4.759050e-01 4.759271e-01 -1.566979e-07 9.165458e-08 3.244711e-08 3.259620e-08 2.754125e+01 9.999921e-01 9.984764e-01
-6.000000e-02 1.690661e-07 1.690661e-07 -4.439419e-08 5.022156e-08 5.810796e-01 1.216173e+00 4.756598e-01 4.756820e-01 -2.349943e-07 1.374530e-07 4.865890e-08 4.888240e-08 1.835807e+01 9.999921e-01 9.984758e-01
-8.000000e-02 2.254058e-07 2.254058e-07 -5.988917e-08 6.574052e-08 5.807666e-01 1.216681e+00 4.754145e-01 4.754367e-01 -3.132551e-07 1.832319e-07 6.486269e-08 6.516053e-08 1.376648e+01 9.999922e-01 9.984753e-01
-1.000000e-01 2.817370e-07 2.817370e-07 -7.537635e-08 8.125381e-08 5.804536e-01 1.217189e+00 4.751690e-01 4.751912e-01 -3.914797e-07 2.289908e-07 8.105840e-08 8.143049e-08 1.101152e+01 9.999922e-01 9.984748e-01
-1.200000e-01 3.380596e-07 3.380596e-07 -9.085562e-08 9.676134e-08 5.801409e-01 1.217696e+00 4.749233e-01 4.749456e-01 -4.696677e-07 2.747296e-07 9.724592e-08 9.769217e-08 9.174878e+00 9.999922e-01 9.984742e-01
-1.400000e-01 3.943731e-07 3.943731e-07 -1.063269e-07 1.122630e-07 5.798282e-01 1.218203e+00 4.746774e-01 4.746997e-01 -5.478185e-07 3.204479e-07 1.134251e-07 1.139455e-07 7.862990e+00 9.999922e-01 9.984737e-01
-1.600000e-01 4.506772e-07 4.506772e-07 -1.217901e-07 1.277587e-07 5.795158e-01 1.218710e+00 4.744314e-01 4.744538e-01 -6.259318e-07 3.661455e-07 1.295960e-07 1.301903e-07 6.879073e+00 9.999922e-01 9.984732e-01
-1.800000e-01 5.069717e-07 5.069717e-07 -1.372451e-07 1.432484e-07 5.792034e-01 1.219217e+00 4.741852e-01 4.742076e-01 -7.040069e-07 4.118221e-07 1.457583e-07 1.464265e-07 6.113803e+00 9.999922e-01 9.984726e-01
-2.000000e-01 5.632563e-07 5.632563e-07 -1.526918e-07 1.587319e-07 5.788913e-01 1.219723e+00 4.739388e-01 4.739612e-01 -7.820435e-07 4.574775e-07 1.619120e-07 1.626540e-07 5.501585e+00 9.999922e-01 9.984721e-01
-2.200000e-01 6.195305e-07 6.195305e-07 -1.681301e-07 1.742092e-07 5.785792e-01 1.220229e+00 4.736922e-01 4.737147e-01 -8.600411e-07 5.031113e-07 1.780570e-07 1.788728e-07 5.000679e+00 9.999922e-01 9.984716e-01
-2.400000e-01 6.757942e-07 6.757942e-07 -1.835599e-07 1.896802e-07 5.782674e-01 1.220735e+00 4.734455e-01 4.734681e-01 -9.379991e-07 5.487233e-07 1.941932e-07 1.950826e-07 4.583257e+00 9.999922e-01 9.984710e-01
-2.600000e-01 7.320470e-07 7.320470e-07 -1.989812e-07 2.051447e-07 5.779557e-01 1.221241e+00 4.731986e-01 4.732212e-01 -1.015917e-06 5.943131e-07 2.103206e-07 2.112834e-07 4.230052e+00 9.999922e-01 9.984705e-01
-2.800000e-01 7.882885e-07 7.882885e-07 -2.143938e-07 2.206028e-07 5.776442e-01 1.221747e+00 4.729515e-01 4.729742e-01 -1.093795e-06 6.398807e-07 2.264389e-07 2.274752e-07 3.927304e+00 9.999923e-01 9.984700e-01
-3.000000e-01 8.445185e-07 8.445185e-07 -2.297977e-07 2.360542e-07 5.773328e-01 1.222252e+00 4.727043e-01 4.727270e-01 -1.171631e-06 6.854255e-07 2.425481e-07 2.436577e-07 3.664922e+00 9.999923e-01 9.984694e-01
-3.200000e-01 9.007366e-07 9.007366e-07 -2.451927e-07 2.514989e-07 5.770216e-01 1.222757e+00 4.724569e-01 4.724797e-01 -1.249427e-06 7.309475e-07 2.586481e-07 2.598310e-07 3.435338e+00 9.999923e-01 9.984689e-01
-3.400000e-01 9.569426e-07 9.569426e-07 -2.605788e-07 2.669368e-07 5.767105e-01 1.223262e+00 4.722094e-01 4.722321e-01 -1.327180e-06 7.764463e-07 2.747387e-07 2.759948e-07 3.232762e+00 9.999923e-01 9.984684e-01
-3.600000e-01 1.013136e-06 1.013136e-06 -2.759559e-07 2.823678e-07 5.763997e-01 1.223766e+00 4.719616e-01 4.719845e-01 -1.404891e-06 8.219216e-07 2.908200e-07 2.921491e-07 3.052694e+00 9.999923e-01 9.984678e-01
-3.800000e-01 1.069317e-06 1.069317e-06 -2.913238e-07 2.977919e-07 5.760890e-01 1.224270e+00 4.717137e-01 4.717366e-01 -1.482559e-06 8.673732e-07 3.068918e-07 3.082939e-07 2.891581e+00 9.999923e-01 9.984673e-01
-4.000000e-01 1.125485e-06 1.125485e-06 -3.066825e-07 3.132088e-07 5.757784e-01 1.224774e+00 4.714657e-01 4.714886e-01 -1.560184e-06 9.128009e-07 3.229540e-07 3.244289e-07 2.746578e+00 9.999923e-01 9.984667e-01
-4.200000e-01 1.181639e-06 1.181639e-06 -3.220319e-07 3.286187e-07 5.754681e-01 1.225278e+00 4.712175e-01 4.712404e-01 -1.637765e-06 9.582042e-07 3.390064e-07 3.405541e-07 2.615384e+00 9.999923e-01 9.984662e-01
-4.400000e-01 1.237779e-06 1.237779e-06 -3.373719e-07 3.440212e-07 5.751579e-01 1.225781e+00 4.709691e-01 4.709921e-01 -1.715302e-06 1.003583e-06 3.550491e-07 3.566694e-07 2.496117e+00 9.999923e-01 9.984657e-01
-4.600000e-01 1.293906e-06 1.293906e-06 -3.527025e-07 3.594164e-07 5.748479e-01 1.226284e+00 4.707206e-01 4.707436e-01 -1.792794e-06 1.048937e-06 3.710819e-07 3.727748e-07 2.387220e+00 9.999923e-01 9.984651e-01
-4.800000e-01 1.350018e-06 1.350018e-06 -3.680234e-07 3.748042e-07 5.745381e-01 1.226787e+00 4.704719e-01 4.704950e-01 -1.870241e-06 1.094266e-06 3.871046e-07 3.888700e-07 2.287398e+00 9.999924e-01 9.984646e-01
-5.000000e-01 1.406116e-06 1.406116e-06 -3.833347e-07 3.901844e-07 5.742285e-01 1.227290e+00 4.702230e-01 4.702462e-01 -1.947642e-06 1.139570e-06 4.031173e-07 4.049550e-07 2.195561e+00 9.999924e-01 9.984641e-01
-5.200000e-01 1.462198e-06 1.462198e-06 -3.986362e-07 4.055570e-07 5.739190e-01 1.227792e+00 4.699741e-01 4.699972e-01 -2.024998e-06 1.184848e-06 4.191198e-07 4.210298e-07 2.110788e+00 9.999924e-01 9.984635e-01
-5.400000e-01 1.518265e-06 1.518265e-06 -4.139279e-07 4.209219e-07 5.736098e-01 1.228294e+00 4.697249e-01 4.697481e-01 -2.102306e-06 1.230100e-06 4.351120e-07 4.370941e-07 2.032294e+00 9.999924e-01 9.984630e-01
-5.600000e-01 1.574317e-06 1.574317e-06 -4.292097e-07 4.362790e-07 5.733007e-01 1.228796e+00 4.694756e-01 4.694989e-01 -2.179568e-06 1.275327e-06 4.510938e-07 4.531480e-07 1.959407e+00 9.999924e-01 9.984624e-01
-5.800000e-01 1.630353e-06 1.630353e-06 -4.444814e-07 4.516283e-07 5.729918e-01 1.229297e+00 4.692261e-01 4.692495e-01 -2.256783e-06 1.320526e-06 4.670652e-07 4.691912e-07 1.891546e+00 9.999924e-01 9.984619e-01
-6.000000e-01 1.686373e-06 1.686373e-06 -4.597430e-07 4.669695e-07 5.726831e-01 1.229798e+00 4.689765e-01 4.689999e-01 -2.333949e-06 1.365700e-06 4.830259e-07 4.852238e-07 1.828208e+00 9.999924e-01 9.984614e-01
-6.200000e-01 1.742376e-06 1.742376e-06 -4.749944e-07 4.823026e-07 5.723746e-01 1.230299e+00 4.687268e-01 4.687502e-01 -2.411068e-06 1.410846e-06 4.989760e-07 5.012456e-07 1.768957e+00 9.999924e-01 9.984608e-01
-6.400000e-01 1.798362e-06 1.798362e-06 -4.902355e-07 4.976276e-07 5.720663e-01 1.230800e+00 4.684769e-01 4.685003e-01 -2.488137e-06 1.455965e-06 5.149153e-07 5.172565e-07 1.713409e+00 9.999924e-01 9.984603e-01
-6.600000e-01 1.854332e-06 1.854332e-06 -5.054662e-07 5.129444e-07 5.717582e-01 1.231300e+00 4.682268e-01 4.682503e-01 -2.565157e-06 1.501057e-06 5.308438e-07 5.332565e-07 1.661227e+00 9.999924e-01 9.984597e-01
-6.800000e-01 1.910283e-06 1.910283e-06 -5.206865e-07 5.282528e-07 5.714503e-01 1.231800e+00 4.679767e-01 4.680002e-01 -2.642128e-06 1.546121e-06 5.467613e-07 5.492454e-07 1.612114e+00 9.999924e-01 9.984592e-01
-7.000000e-01 1.966218e-06 1.966218e-06 -5.358962e-07 5.435528e-07 5.711426e-01 1.232299e+00 4.677263e-01 4.677499e-01 -2.719048e-06 1.591157e-06 5.626677e-07 5.652231e-07 1.565807e+00 9.999925e-01 9.984587e-01
-7.200000e-01 2.022134e-06 2.022134e-06 -5.510953e-07 5.588443e-07 5.708351e-01 1.232799e+00 4.674758e-01 4.674995e-01 -2.795918e-06 1.636165e-06 5.785630e-07 5.811896e-07 1.522073e+00 9.999925e-01 9.984581e-01
-7.400000e-01 2.078031e-06 2.078031e-06 -5.662836e-07 5.741272e-07 5.705278e-01 1.233298e+00 4.672252e-01 4.672489e-01 -2.872737e-06 1.681145e-06 5.944471e-07 5.971447e-07 1.480703e+00 9.999925e-01 9.984576e-01
-7.600000e-01 2.133911e-06 2.133911e-06 -5.814612e-07 5.894013e-07 5.702207e-01 1.233796e+00 4.669745e-01 4.669982e-01 -2.949504e-06 1.726096e-06 6.103198e-07 6.130884e-07 1.441510e+00 9.999925e-01 9.984571e-01
-7.800000e-01 2.189771e-06 2.189771e-06 -5.966278e-07 6.046668e-07 5.699138e-01 1.234295e+00 4.667235e-01 4.667473e-01 -3.026220e-06 1.771018e-06 6.261811e-07 6.290205e-07 1.404326e+00 9.999925e-01 9.984565e-01
-8.000000e-01 2.245612e-06 2.245612e-06 -6.117834e-07 6.199233e-07 5.696071e-01 1.234792e+00 4.664725e-01 4.664963e-01 -3.102883e-06 1.815911e-06 6.420309e-07 6.449410e-07 1.369002e+00 9.999925e-01 9.984560e-01
-8.200000e-01 2.301433e-06 2.301433e-06 -6.269280e-07 6.351709e-07 5.693006e-01 1.235290e+00 4.662213e-01 4.662452e-01 -3.179493e-06 1.860774e-06 6.578691e-07 6.608498e-07 1.335400e+00 9.999925e-01 9.984554e-01
-8.400000e-01 2.357235e-06 2.357235e-06 -6.420615e-07 6.504095e-07 5.689944e-01 1.235787e+00 4.659700e-01 4.659939e-01 -3.256050e-06 1.905608e-06 6.736956e-07 6.767467e-07 1.303398e+00 9.999925e-01 9.984549e-01
-8.600000e-01 2.413016e-06 2.413016e-06 -6.571837e-07 6.656389e-07 5.686883e-01 1.236284e+00 4.657186e-01 4.657425e-01 -3.332554e-06 1.950412e-06 6.895103e-07 6.926318e-07 1.272885e+00 9.999925e-01 9.984544e-01
-8.800000e-01 2.468777e-06 2.468777e-06 -6.722945e-07 6.808591e-07 5.683825e-01 1.236781e+00 4.654670e-01 4.654910e-01 -3.409004e-06 1.995186e-06 7.053131e-07 7.085048e-07 1.243758e+00 9.999925e-01 9.984538e-01
-9.000000e-01 2.524517e-06 2.524517e-06 -6.873940e-07 6.960701e-07 5.680769e-01 1.237277e+00 4.652153e-01 4.652393e-01 -3.485399e-06 2.039929e-06 7.211039e-07 7.243658e-07 1.215926e+00 9.999926e-01 9.984533e-01
-9.200000e-01 2.580236e-06 2.580236e-06 -7.024820e-07 7.112716e-07 5.677715e-01 1.237773e+00 4.649634e-01 4.649875e-01 -3.561739e-06 2.084642e-06 7.368827e-07 7.402145e-07 1.189304e+00 9.999926e-01 9.984527e-01
-9.400000e-01 2.635934e-06 2.635934e-06 -7.175584e-07 7.264637e-07 5.674664e-01 1.238269e+00 4.647115e-01 4.647356e-01 -3.638024e-06 2.129323e-06 7.526493e-07 7.560510e-07 1.163814e+00 9.999926e-01 9.984522e-01
-9.600000e-01 2.691610e-06 2.691610e-06 -7.326231e-07 7.416462e-07 5.671614e-01 1.238764e+00 4.644594e-01 4.644835e-01 -3.714253e-06 2.173974e-06 7.684036e-07 7.718751e-07 1.139387e+00 9.999926e-01 9.984517e-01
-9.800000e-01 2.747264e-06 2.747264e-06 -7.476761e-07 7.568191e-07 5.668567e-01 1.239259e+00 4.642071e-01 4.642313e-01 -3.790425e-06 2.218593e-06 7.841457e-07 7.876868e-07 1.115956e+00 9.999926e-01 9.984511e-01
-1.000000e+00 2.802896e-06 2.802896e-06 -7.627173e-07 7.719823e-07 5.665522e-01 1.239754e+00 4.639548e-01 4.639790e-01 -3.866542e-06 2.263180e-06 7.998753e-07 8.034859e-07 1.093462e+00 9.999926e-01 9.984506e-01
-1.020000e+00 2.858505e-06 2.858505e-06 -7.777466e-07 7.871357e-07 5.662479e-01 1.240248e+00 4.637023e-01 4.637266e-01 -3.942601e-06 2.307736e-06 8.155923e-07 8.192724e-07 1.071851e+00 9.999926e-01 9.984500e-01
-1.040000e+00 2.914091e-06 2.914091e-06 -7.927639e-07 8.022792e-07 5.659439e-01 1.240742e+00 4.634497e-01 4.634740e-01 -4.018603e-06 2.352260e-06 8.312968e-07 8.350462e-07 1.051070e+00 9.999926e-01 9.984495e-01
-1.060000e+00 2.969655e-06 2.969655e-06 -8.077691e-07 8.174127e-07 5.656401e-01 1.241236e+00 4.631970e-01 4.632213e-01 -4.094546e-06 2.396751e-06 8.469886e-07 8.508071e-07 1.031074e+00 9.999926e-01 9.984489e-01
-1.080000e+00 3.025194e-06 3.025194e-06 -8.227622e-07 8.325362e-07 5.653365e-01 1.241729e+00 4.629441e-01 4.629685e-01 -4.170432e-06 2.441209e-06 8.626676e-07 8.665551e-07 1.011818e+00 9.999926e-01 9.984484e-01
-1.100000e+00 3.080710e-06 3.080710e-06 -8.377431e-07 8.476495e-07 5.650332e-01 1.242222e+00 4.626912e-01 4.627156e-01 -4.246259e-06 2.485635e-06 8.783338e-07 8.822902e-07 9.932618e-01 9.999926e-01 9.984479e-01
-1.120000e+00 3.136202e-06 3.136202e-06 -8.527116e-07 8.627526e-07 5.647301e-01 1.242714e+00 4.624381e-01 4.624625e-01 -4.322027e-06 2.530027e-06 8.939870e-07 8.980121e-07 9.753685e-01 9.999927e-01 9.984473e-01
-1.140000e+00 3.191670e-06 3.191670e-06 -8.676678e-07 8.778454e-07 5.644272e-01 1.243206e+00 4.621849e-01 4.622094e-01 -4.397735e-06 2.574387e-06 9.096272e-07 9.137209e-07 9.581029e-01 9.999927e-01 9.984468e-01
-1.160000e+00 3.247113e-06 3.247113e-06 -8.826115e-07 8.929279e-07 5.641246e-01 1.243698e+00 4.619316e-01 4.619561e-01 -4.473383e-06 2.618713e-06 9.252542e-07 9.294165e-07 9.414326e-01 9.999927e-01 9.984462e-01
-1.180000e+00 3.302531e-06 3.302531e-06 -8.975426e-07 9.079998e-07 5.638222e-01 1.244189e+00 4.616781e-01 4.617027e-01 -4.548971e-06 2.663004e-06 9.408680e-07 9.450987e-07 9.253273e-01 9.999927e-01 9.984457e-01
-1.200000e+00 3.357923e-06 3.357923e-06 -9.124611e-07 9.230613e-07 5.635201e-01 1.244680e+00 4.614246e-01 4.614492e-01 -4.624498e-06 2.707262e-06 9.564685e-07 9.607675e-07 9.097588e-01 9.999927e-01 9.984452e-01
-1.220000e+00 3.413291e-06 3.413291e-06 -9.273669e-07 9.381120e-07 5.632182e-01 1.245170e+00 4.611709e-01 4.611956e-01 -4.699965e-06 2.751486e-06 9.720557e-07 9.764227e-07 8.947006e-01 9.999927e-01 9.984446e-01
-1.240000e+00 3.468632e-06 3.468632e-06 -9.422600e-07 9.531521e-07 5.629166e-01 1.245661e+00 4.609172e-01 4.609419e-01 -4.775369e-06 2.795675e-06 9.876294e-07 9.920644e-07 8.801281e-01 9.999927e-01 9.984441e-01
-1.260000e+00 3.523947e-06 3.523947e-06 -9.571402e-07 9.681814e-07 5.626152e-01 1.246150e+00 4.606633e-01 4.606880e-01 -4.850712e-06 2.839830e-06 1.003189e-06 1.007692e-06 8.660182e-01 9.999927e-01 9.984435e-01
-1.280000e+00 3.579236e-06 3.579236e-06 -9.720074e-07 9.831998e-07 5.623140e-01 1.246640e+00 4.604093e-01 4.604341e-01 -4.925992e-06 2.883949e-06 1.018736e-06 1.023307e-06 8.523491e-01 9.999927e-01 9.984430e-01
-1.300000e+00 3.634498e-06 3.634498e-06 -9.868616e-07 9.982073e-07 5.620131e-01 1.247129e+00 4.601552e-01 4.601800e-01 -5.001209e-06 2.928034e-06 1.034269e-06 1.038907e-06 8.391005e-01 9.999927e-01 9.984424e-01
-1.320000e+00 3.689733e-06 3.689733e-06 -1.001703e-06 1.013204e-06 5.617125e-01 1.247617e+00 4.599010e-01 4.599259e-01 -5.076364e-06 2.972083e-06 1.049788e-06 1.054493e-06 8.262533e-01 9.999927e-01 9.984419e-01
-1.340000e+00 3.744941e-06 3.744941e-06 -1.016531e-06 1.028189e-06 5.614121e-01 1.248106e+00 4.596467e-01 4.596716e-01 -5.151455e-06 3.016096e-06 1.065293e-06 1.070066e-06 8.137895e-01 9.999928e-01 9.984414e-01
-1.360000e+00 3.800121e-06 3.800121e-06 -1.031345e-06 1.043163e-06 5.611119e-01 1.248593e+00 4.593923e-01 4.594173e-01 -5.226482e-06 3.060074e-06 1.080784e-06 1.085624e-06 8.016923e-01 9.999928e-01 9.984408e-01
-1.380000e+00 3.855273e-06 3.855273e-06 -1.046147e-06 1.058126e-06 5.608121e-01 1.249081e+00 4.591378e-01 4.591628e-01 -5.301444e-06 3.104015e-06 1.096261e-06 1.101168e-06 7.899456e-01 9.999928e-01 9.984403e-01
-1.400000e+00 3.910397e-06 3.910397e-06 -1.060935e-06 1.073078e-06 5.605125e-01 1.249568e+00 4.588832e-01 4.589082e-01 -5.376342e-06 3.147920e-06 1.111724e-06 1.116698e-06 7.785345e-01 9.999928e-01 9.984397e-01
-1.420000e+00 3.965493e-06 3.965493e-06 -1.075709e-06 1.088018e-06 5.602131e-01 1.250054e+00 4.586285e-01 4.586536e-01 -5.451175e-06 3.191789e-06 1.127173e-06 1.132214e-06 7.674448e-01 9.999928e-01 9.984392e-01
-1.440000e+00 4.020560e-06 4.020560e-06 -1.090470e-06 1.102946e-06 5.599140e-01 1.250541e+00 4.583737e-01 4.583988e-01 -5.525942e-06 3.235621e-06 1.142607e-06 1.147715e-06 7.566631e-01 9.999928e-01 9.984386e-01
-1.460000e+00 4.075598e-06 4.075598e-06 -1.105218e-06 1.117863e-06 5.596152e-01 1.251026e+00 4.581188e-01 4.581440e-01 -5.600644e-06 3.279416e-06 1.158027e-06 1.163201e-06 7.461767e-01 9.999928e-01 9.984381e-01
-1.480000e+00 4.130606e-06 4.130606e-06 -1.119951e-06 1.132769e-06 5.593166e-01 1.251512e+00 4.578639e-01 4.578890e-01 -5.675279e-06 3.323173e-06 1.173433e-06 1.178673e-06 7.359737e-01 9.999928e-01 9.984375e-01
-1.500000e+00 4.185585e-06 4.185585e-06 -1.134671e-06 1.147662e-06 5.590183e-01 1.251997e+00 4.576088e-01 4.576340e-01 -5.749848e-06 3.366893e-06 1.188824e-06 1.194130e-06 7.260427e-01 9.999928e-01 9.984370e-01
-1.520000e+00 4.240534e-06 4.240534e-06 -1.149377e-06 1.162544e-06 5.587203e-01 1.252481e+00 4.573536e-01 4.573788e-01 -5.824349e-06 3.410576e-06 1.204200e-06 1.209573e-06 7.163730e-01 9.999928e-01 9.984365e-01
-1.540000e+00 4.295453e-06 4.295453e-06 -1.164070e-06 1.177414e-06 5.584225e-01 1.252965e+00 4.570983e-01 4.571236e-01 -5.898783e-06 3.454221e-06 1.219562e-06 1.225000e-06 7.069545e-01 9.999928e-01 9.984359e-01
-1.560000e+00 4.350341e-06 4.350341e-06 -1.178748e-06 1.192272e-06 5.581250e-01 1.253449e+00 4.568430e-01 4.568683e-01 -5.973150e-06 3.497828e-06 1.234909e-06 1.240413e-06 6.977773e-01 9.999929e-01 9.984354e-01
-1.580000e+00 4.405199e-06 4.405199e-06 -1.193412e-06 1.207118e-06 5.578278e-01 1.253932e+00 4.565875e-01 4.566129e-01 -6.047448e-06 3.541396e-06 1.250241e-06 1.255811e-06 6.888325e-01 9.999929e-01 9.984348e-01
-1.600000e+00 4.460026e-06 4.460026e-06 -1.208062e-06 1.221952e-06 5.575308e-01 1.254415e+00 4.563320e-01 4.563574e-01 -6.121678e-06 3.584926e-06 1.265558e-06 1.271194e-06 6.801113e-01 9.999929e-01 9.984343e-01
-1.620000e+00 4.514821e-06 4.514821e-06 -1.222698e-06 1.236774e-06 5.572342e-01 1.254898e+00 4.560764e-01 4.561018e-01 -6.195839e-06 3.628418e-06 1.280860e-06 1.286561e-06 6.716054e-01 9.999929e-01 9.984337e-01
-1.640000e+00 4.569584e-06 4.569584e-06 -1.237319e-06 1.251583e-06 5.569378e-01 1.255380e+00 4.558207e-01 4.558462e-01 -6.269931e-06 3.671870e-06 1.296147e-06 1.301913e-06 6.633069e-01 9.999929e-01 9.984332e-01
-1.660000e+00 4.624316e-06 4.624316e-06 -1.251926e-06 1.266380e-06 5.566416e-01 1.255861e+00 4.555649e-01 4.555904e-01 -6.343953e-06 3.715283e-06 1.311419e-06 1.317250e-06 6.552083e-01 9.999929e-01 9.984326e-01
-1.680000e+00 4.679015e-06 4.679015e-06 -1.266519e-06 1.281165e-06 5.563458e-01 1.256342e+00 4.553091e-01 4.553346e-01 -6.417905e-06 3.758657e-06 1.326676e-06 1.332572e-06 6.473026e-01 9.999929e-01 9.984321e-01
-1.700000e+00 4.733683e-06 4.733683e-06 -1.281097e-06 1.295937e-06 5.560503e-01 1.256823e+00 4.550531e-01 4.550787e-01 -6.491787e-06 3.801991e-06 1.341917e-06 1.347878e-06 6.395828e-01 9.999929e-01 9.984316e-01
-1.720000e+00 4.788317e-06 4.788317e-06 -1.295661e-06 1.310696e-06 5.557550e-01 1.257303e+00 4.547971e-01 4.548227e-01 -6.565598e-06 3.845286e-06 1.357143e-06 1.363169e-06 6.320425e-01 9.999929e-01 9.984310e-01
-1.740000e+00 4.842918e-06 4.842918e-06 -1.310210e-06 1.325443e-06 5.554600e-01 1.257783e+00 4.545410e-01 4.545666e-01 -6.639338e-06 3.888541e-06 1.372354e-06 1.378444e-06 6.246756e-01 9.999929e-01 9.984305e-01
-1.760000e+00 4.897486e-06 4.897486e-06 -1.324744e-06 1.340178e-06 5.551653e-01 1.258262e+00 4.542849e-01 4.543105e-01 -6.713007e-06 3.931755e-06 1.387549e-06 1.393703e-06 6.174760e-01 9.999929e-01 9.984299e-01
-1.780000e+00 4.952020e-06 4.952020e-06 -1.339264e-06 1.354899e-06 5.548709e-01 1.258741e+00 4.540286e-01 4.540543e-01 -6.786604e-06 3.974929e-06 1.402728e-06 1.408947e-06 6.104382e-01 9.999930e-01 9.984294e-01
-1.800000e+00 5.006521e-06 5.006521e-06 -1.353769e-06 1.369608e-06 5.545768e-01 1.259219e+00 4.537723e-01 4.537980e-01 -6.860129e-06 4.018063e-06 1.417892e-06 1.424174e-06 6.035568e-01 9.999930e-01 9.984288e-01
-1.820000e+00 5.060987e-06 5.060987e-06 -1.368259e-06 1.384303e-06 5.542829e-01 1.259697e+00 4.535159e-01 4.535417e-01 -6.933581e-06 4.061155e-06 1.433039e-06 1.439386e-06 5.968266e-01 9.999930e-01 9.984283e-01
-1.840000e+00 5.115419e-06 5.115419e-06 -1.382733e-06 1.398986e-06 5.539894e-01 1.260175e+00 4.532595e-01 4.532852e-01 -7.006960e-06 4.104207e-06 1.448171e-06 1.454582e-06 5.902427e-01 9.999930e-01 9.984277e-01
-1.860000e+00 5.169816e-06 5.169816e-06 -1.397193e-06 1.413656e-06 5.536961e-01 1.260652e+00 4.530029e-01 4.530288e-01 -7.080267e-06 4.147218e-06 1.463288e-06 1.469761e-06 5.838004e-01 9.999930e-01 9.984272e-01
-1.880000e+00 5.224178e-06 5.224178e-06 -1.411638e-06 1.428312e-06 5.534032e-01 1.261129e+00 4.527463e-01 4.527722e-01 -7.153500e-06 4.190187e-06 1.478388e-06 1.484925e-06 5.774952e-01 9.999930e-01 9.984267e-01
-1.900000e+00 5.278505e-06 5.278505e-06 -1.426068e-06 1.442956e-06 5.531105e-01 1.261605e+00 4.524897e-01 4.525156e-01 -7.226659e-06 4.233114e-06 1.493472e-06 1.500072e-06 5.713226e-01 9.999930e-01 9.984261e-01
-1.920000e+00 5.332797e-06 5.332797e-06 -1.440482e-06 1.457586e-06 5.528181e-01 1.262080e+00 4.522330e-01 4.522589e-01 -7.299743e-06 4.276000e-06 1.508540e-06 1.515203e-06 5.652787e-01 9.999930e-01 9.984256e-01
-1.940000e+00 5.387053e-06 5.387053e-06 -1.454881e-06 1.472202e-06 5.525261e-01 1.262556e+00 4.519762e-01 4.520021e-01 -7.372753e-06 4.318844e-06 1.523591e-06 1.530318e-06 5.593594e-01 9.999930e-01 9.984250e-01
-1.960000e+00 5.441272e-06 5.441272e-06 -1.469265e-06 1.486805e-06 5.522343e-01 1.263030e+00 4.517193e-01 4.517453e-01 -7.445689e-06 4.361645e-06 1.538627e-06 1.545416e-06 5.535608e-01 9.999930e-01 9.984245e-01
-1.980000e+00 5.495455e-06 5.495455e-06 -1.483633e-06 1.501395e-06 5.519428e-01 1.263505e+00 4.514624e-01 4.514885e-01 -7.518549e-06 4.404405e-06 1.553646e-06 1.560498e-06 5.478794e-01 9.999930e-01 9.984239e-01
-2.000000e+00 5.549602e-06 5.549602e-06 -1.497986e-06 1.515971e-06 5.516517e-01 1.263978e+00 4.512055e-01 4.512315e-01 -7.591333e-06 4.447121e-06 1.568649e-06 1.575563e-06 5.423116e-01 9.999930e-01 9.984234e-01
-2.020000e+00 5.603712e-06 5.603712e-06 -1.512323e-06 1.530534e-06 5.513608e-01 1.264452e+00 4.509485e-01 4.509746e-01 -7.664042e-06 4.489795e-06 1.583635e-06 1.590612e-06 5.368541e-01 9.999931e-01 9.984228e-01
-2.040000e+00 5.657784e-06 5.657784e-06 -1.526645e-06 1.545083e-06 5.510702e-01 1.264925e+00 4.506914e-01 4.507175e-01 -7.736674e-06 4.532426e-06 1.598605e-06 1.605644e-06 5.315036e-01 9.999931e-01 9.984223e-01
-2.060000e+00 5.711819e-06 5.711819e-06 -1.540951e-06 1.559618e-06 5.507800e-01 1.265397e+00 4.504343e-01 4.504604e-01 -7.809230e-06 4.575014e-06 1.613558e-06 1.620659e-06 5.262569e-01 9.999931e-01 9.984217e-01
-2.080000e+00 5.765816e-06 5.765816e-06 -1.555241e-06 1.574139e-06 5.504900e-01 1.265869e+00 4.501771e-01 4.502033e-01 -7.881709e-06 4.617558e-06 1.628494e-06 1.635657e-06 5.211112e-01 9.999931e-01 9.984212e-01
-2.100000e+00 5.819776e-06 5.819776e-06 -1.569515e-06 1.588647e-06 5.502004e-01 1.266340e+00 4.499199e-01 4.499461e-01 -7.954111e-06 4.660059e-06 1.643413e-06 1.650638e-06 5.160635e-01 9.999931e-01 9.984206e-01
-2.120000e+00 5.873697e-06 5.873697e-06 -1.583774e-06 1.603140e-06 5.499111e-01 1.266811e+00 4.496626e-01 4.496888e-01 -8.026435e-06 4.702516e-06 1.658316e-06 1.665603e-06 5.111110e-01 9.999931e-01 9.984201e-01
-2.140000e+00 5.927580e-06 5.927580e-06 -1.598016e-06 1.617620e-06 5.496221e-01 1.267282e+00 4.494053e-01 4.494315e-01 -8.098681e-06 4.744929e-06 1.673202e-06 1.680550e-06 5.062511e-01 9.999931e-01 9.984196e-01
-2.160000e+00 5.981423e-06 5.981423e-06 -1.612243e-06 1.632085e-06 5.493334e-01 1.267752e+00 4.491479e-01 4.491742e-01 -8.170850e-06 4.787299e-06 1.688071e-06 1.695480e-06 5.014812e-01 9.999931e-01 9.984190e-01
-2.180000e+00 6.035228e-06 6.035228e-06 -1.626453e-06 1.646536e-06 5.490450e-01 1.268221e+00 4.488905e-01 4.489168e-01 -8.242939e-06 4.829623e-06 1.702923e-06 1.710393e-06 4.967988e-01 9.999931e-01 9.984185e-01
-2.200000e+00 6.088994e-06 6.088994e-06 -1.640648e-06 1.660973e-06 5.487569e-01 1.268690e+00 4.486330e-01 4.486594e-01 -8.314950e-06 4.871904e-06 1.717757e-06 1.725289e-06 4.922016e-01 9.999931e-01 9.984179e-01
-2.220000e+00 6.142719e-06 6.142719e-06 -1.654826e-06 1.675395e-06 5.484692e-01 1.269158e+00 4.483755e-01 4.484019e-01 -8.386882e-06 4.914139e-06 1.732575e-06 1.740167e-06 4.876872e-01 9.999931e-01 9.984174e-01
-2.240000e+00 6.196405e-06 6.196405e-06 -1.668988e-06 1.689804e-06 5.481817e-01 1.269626e+00 4.481180e-01 4.481444e-01 -8.458734e-06 4.956330e-06 1.747375e-06 1.755028e-06 4.832534e-01 9.999931e-01 9.984168e-01
-2.260000e+00 6.250051e-06 6.250051e-06 -1.683133e-06 1.704197e-06 5.478946e-01 1.270094e+00 4.478604e-01 4.478868e-01 -8.530506e-06 4.998476e-06 1.762158e-06 1.769872e-06 4.788981e-01 9.999932e-01 9.984163e-01
-2.280000e+00 6.303657e-06 6.303657e-06 -1.697263e-06 1.718577e-06 5.476078e-01 1.270561e+00 4.476028e-01 4.476292e-01 -8.602198e-06 5.040577e-06 1.776924e-06 1.784698e-06 4.746192e-01 9.999932e-01 9.984157e-01
-2.300000e+00 6.357222e-06 6.357222e-06 -1.711375e-06 1.732942e-06 5.473213e-01 1.271027e+00 4.473451e-01 4.473716e-01 -8.673810e-06 5.082632e-06 1.791672e-06 1.799506e-06 4.704148e-01 9.999932e-01 9.984152e-01
-2.320000e+00 6.410746e-06 6.410746e-06 -1.725472e-06 1.747292e-06 5.470352e-01 1.271493e+00 4.470874e-01 4.471139e-01 -8.745342e-06 5.124642e-06 1.806403e-06 1.814297e-06 4.662828e-01 9.999932e-01 9.984146e-01
-2.340000e+00 6.464228e-06 6.464228e-06 -1.739552e-06 1.761627e-06 5.467493e-01 1.271959e+00 4.468297e-01 4.468562e-01 -8.816792e-06 5.166606e-06 1.821116e-06 1.829070e-06 4.622215e-01 9.999932e-01 9.984141e-01
-2.360000e+00 6.517670e-06 6.517670e-06 -1.753615e-06 1.775948e-06 5.464638e-01 1.272423e+00 4.465719e-01 4.465985e-01 -8.888161e-06 5.208524e-06 1.835812e-06 1.843825e-06 4.582291e-01 9.999932e-01 9.984135e-01
-2.380000e+00 6.571070e-06 6.571070e-06 -1.767661e-06 1.790254e-06 5.461787e-01 1.272888e+00 4.463141e-01 4.463408e-01 -8.959448e-06 5.250396e-06 1.850490e-06 1.858562e-06 4.543037e-01 9.999932e-01 9.984130e-01
-2.400000e+00 6.624427e-06 6.624427e-06 -1.781691e-06 1.804545e-06 5.458938e-01 1.273352e+00 4.460563e-01 4.460830e-01 -9.030653e-06 5.292221e-06 1.865150e-06 1.873282e-06 4.504438e-01 9.999932e-01 9.984124e-01
-2.420000e+00 6.677743e-06 6.677743e-06 -1.795704e-06 1.818821e-06 5.456093e-01 1.273815e+00 4.457985e-01 4.458252e-01 -9.101776e-06 5.334001e-06 1.879792e-06 1.887983e-06 4.466477e-01 9.999932e-01 9.984119e-01
-2.440000e+00 6.731016e-06 6.731016e-06 -1.809700e-06 1.833082e-06 5.453251e-01 1.274278e+00 4.455406e-01 4.455673e-01 -9.172817e-06 5.375733e-06 1.894417e-06 1.902667e-06 4.429139e-01 9.999932e-01 9.984113e-01
-2.460000e+00 6.784246e-06 6.784246e-06 -1.823680e-06 1.847328e-06 5.450412e-01 1.274740e+00 4.452827e-01 4.453094e-01 -9.243775e-06 5.417419e-06 1.909023e-06 1.917332e-06 4.392408e-01 9.999932e-01 9.984108e-01
-2.480000e+00 6.837434e-06 6.837434e-06 -1.837642e-06 1.861559e-06 5.447577e-01 1.275202e+00 4.450248e-01 4.450516e-01 -9.314650e-06 5.459058e-06 1.923612e-06 1.931980e-06 4.356269e-01 9.999932e-01 9.984103e-01
-2.500000e+00 6.890578e-06 6.890578e-06 -1.851588e-06 1.875775e-06 5.444745e-01 1.275663e+00 4.447669e-01 4.447936e-01 -9.385441e-06 5.500650e-06 1.938183e-06 1.946609e-06 4.320709e-01 9.999933e-01 9.984097e-01
-2.520000e+00 6.943678e-06 6.943678e-06 -1.865516e-06 1.889975e-06 5.441917e-01 1.276124e+00 4.445089e-01 4.445357e-01 -9.456148e-06 5.542194e-06 1.952735e-06 1.961219e-06 4.285713e-01 9.999933e-01 9.984092e-01
-2.540000e+00 6.996735e-06 6.996735e-06 -1.879427e-06 1.904160e-06 5.439091e-01 1.276584e+00 4.442510e-01 4.442778e-01 -9.526772e-06 5.583691e-06 1.967269e-06 1.975812e-06 4.251269e-01 9.999933e-01 9.984086e-01
-2.560000e+00 7.049748e-06 7.049748e-06 -1.893321e-06 1.918330e-06 5.436270e-01 1.277044e+00 4.439930e-01 4.440198e-01 -9.597312e-06 5.625140e-06 1.981785e-06 1.990386e-06 4.217364e-01 9.999933e-01 9.984081e-01
-2.580000e+00 7.102717e-06 7.102717e-06 -1.907198e-06 1.932485e-06 5.433451e-01 1.277503e+00 4.437350e-01 4.437618e-01 -9.667766e-06 5.666542e-06 1.996283e-06 2.004941e-06 4.183984e-01 9.999933e-01 9.984075e-01
-2.600000e+00 7.155641e-06 7.155641e-06 -1.921058e-06 1.946624e-06 5.430636e-01 1.277962e+00 4.434769e-01 4.435038e-01 -9.738136e-06 5.707896e-06 2.010762e-06 2.019478e-06 4.151118e-01 9.999933e-01 9.984070e-01
-2.620000e+00 7.208521e-06 7.208521e-06 -1.934900e-06 1.960747e-06 5.427824e-01 1.278420e+00 4.432189e-01 4.432458e-01 -9.808421e-06 5.749201e-06 2.025223e-06 2.033997e-06 4.118753e-01 9.999933e-01 9.984064e-01
-2.640000e+00 7.261355e-06 7.261355e-06 -1.948725e-06 1.974855e-06 5.425016e-01 1.278878e+00 4.429609e-01 4.429878e-01 -9.878621e-06 5.790458e-06 2.039666e-06 2.048497e-06 4.086880e-01 9.999933e-01 9.984059e-01
-2.660000e+00 7.314144e-06 7.314144e-06 -1.962532e-06 1.988947e-06 5.422211e-01 1.279335e+00 4.427028e-01 4.427298e-01 -9.948735e-06 5.831667e-06 2.054090e-06 2.062978e-06 4.055486e-01 9.999933e-01 9.984053e-01
-2.680000e+00 7.366888e-06 7.366888e-06 -1.976322e-06 2.003023e-06 5.419410e-01 1.279791e+00 4.424448e-01 4.424718e-01 -1.001876e-05 5.872827e-06 2.068495e-06 2.077440e-06 4.024561e-01 9.999933e-01 9.984048e-01
-2.700000e+00 7.419586e-06 7.419586e-06 -1.990095e-06 2.017084e-06 5.416612e-01 1.280247e+00 4.421867e-01 4.422137e-01 -1.008870e-05 5.913938e-06 2.082882e-06 2.091884e-06 3.994094e-01 9.999933e-01 9.984042e-01
-2.720000e+00 7.472238e-06 7.472238e-06 -2.003850e-06 2.031129e-06 5.413817e-01 1.280703e+00 4.419286e-01 4.419557e-01 -1.015856e-05 5.955001e-06 2.097250e-06 2.106309e-06 3.964076e-01 9.999933e-01 9.984037e-01
-2.740000e+00 7.524843e-06 7.524843e-06 -2.017587e-06 2.045158e-06 5.411026e-01 1.281157e+00 4.416706e-01 4.416976e-01 -1.022833e-05 5.996014e-06 2.111599e-06 2.120714e-06 3.934496e-01 9.999934e-01 9.984031e-01
-2.760000e+00 7.577403e-06 7.577403e-06 -2.031307e-06 2.059171e-06 5.408239e-01 1.281612e+00 4.414125e-01 4.414396e-01 -1.029801e-05 6.036978e-06 2.125930e-06 2.135101e-06 3.905345e-01 9.999934e-01 9.984026e-01
-2.780000e+00 7.629915e-06 7.629915e-06 -2.045008e-06 2.073168e-06 5.405455e-01 1.282066e+00 4.411544e-01 4.411815e-01 -1.036760e-05 6.077893e-06 2.140242e-06 2.149469e-06 3.876613e-01 9.999934e-01 9.984020e-01
-2.800000e+00 7.682381e-06 7.682381e-06 -2.058692e-06 2.087149e-06 5.402674e-01 1.282519e+00 4.408964e-01 4.409235e-01 -1.043711e-05 6.118758e-06 2.154534e-06 2.163818e-06 3.848293e-01 9.999934e-01 9.984015e-01
-2.820000e+00 7.734799e-06 7.734799e-06 -2.072359e-06 2.101113e-06 5.399897e-01 1.282971e+00 4.406383e-01 4.406655e-01 -1.050653e-05 6.159573e-06 2.168808e-06 2.178147e-06 3.820374e-01 9.999934e-01 9.984009e-01
-2.840000e+00 7.787170e-06 7.787170e-06 -2.086007e-06 2.115062e-06 5.397124e-01 1.283424e+00 4.403802e-01 4.404074e-01 -1.057586e-05 6.200339e-06 2.183063e-06 2.192458e-06 3.792849e-01 9.999934e-01 9.984004e-01
-2.860000e+00 7.839493e-06 7.839493e-06 -2.099637e-06 2.128994e-06 5.394354e-01 1.283875e+00 4.401222e-01 4.401494e-01 -1.064510e-05 6.241054e-06 2.197299e-06 2.206749e-06 3.765709e-01 9.999934e-01 9.983998e-01
-2.880000e+00 7.891768e-06 7.891768e-06 -2.113250e-06 2.142910e-06 5.391587e-01 1.284326e+00 4.398641e-01 4.398914e-01 -1.071426e-05 6.281720e-06 2.211515e-06 2.221021e-06 3.738947e-01 9.999934e-01 9.983993e-01
-2.900000e+00 7.943995e-06 7.943995e-06 -2.126844e-06 2.156810e-06 5.388824e-01 1.284777e+00 4.396061e-01 4.396333e-01 -1.078332e-05 6.322335e-06 2.225713e-06 2.235273e-06 3.712554e-01 9.999934e-01 9.983987e-01
-2.920000e+00 7.996174e-06 7.996174e-06 -2.140420e-06 2.170694e-06 5.386065e-01 1.285226e+00 4.393481e-01 4.393753e-01 -1.085230e-05 6.362899e-06 2.239891e-06 2.249506e-06 3.686523e-01 9.999934e-01 9.983982e-01
-2.940000e+00 8.048304e-06 8.048304e-06 -2.153978e-06 2.184561e-06 5.383309e-01 1.285676e+00 4.390901e-01 4.391174e-01 -1.092118e-05 6.403413e-06 2.254050e-06 2.263720e-06 3.660846e-01 9.999934e-01 9.983977e-01
-2.960000e+00 8.100385e-06 8.100385e-06 -2.167518e-06 2.198411e-06 5.380557e-01 1.286124e+00 4.388321e-01 4.388594e-01 -1.098998e-05 6.443876e-06 2.268189e-06 2.277914e-06 3.635516e-01 9.999934e-01 9.983971e-01
-2.980000e+00 8.152416e-06 8.152416e-06 -2.181040e-06 2.212245e-06 5.377809e-01 1.286573e+00 4.385741e-01 4.386014e-01 -1.105869e-05 6.484289e-06 2.282309e-06 2.292089e-06 3.610527e-01 9.999934e-01 9.983966e-01
-3.000000e+00 8.204399e-06 8.204399e-06 -2.194543e-06 2.226062e-06 5.375064e-01 1.287020e+00 4.383161e-01 4.383435e-01 -1.112730e-05 6.524650e-06 2.296410e-06 2.306243e-06 3.585872e-01 9.999935e-01 9.983960e-01
-3.020000e+00 8.256332e-06 8.256332e-06 -2.208029e-06 2.239863e-06 5.372322e-01 1.287467e+00 4.380582e-01 4.380856e-01 -1.119583e-05 6.564960e-06 2.310491e-06 2.320379e-06 3.561543e-01 9.999935e-01 9.983955e-01
-3.040000e+00 8.308215e-06 8.308215e-06 -2.221495e-06 2.253647e-06 5.369585e-01 1.287914e+00 4.378003e-01 4.378277e-01 -1.126427e-05 6.605218e-06 2.324553e-06 2.334494e-06 3.537535e-01 9.999935e-01 9.983949e-01
-3.060000e+00 8.360048e-06 8.360048e-06 -2.234944e-06 2.267414e-06 5.366850e-01 1.288360e+00 4.375424e-01 4.375698e-01 -1.133261e-05 6.645426e-06 2.338595e-06 2.348590e-06 3.513841e-01 9.999935e-01 9.983944e-01
-3.080000e+00 8.411830e-06 8.411830e-06 -2.248374e-06 2.281164e-06 5.364120e-01 1.288805e+00 4.372845e-01 4.373119e-01 -1.140086e-05 6.685581e-06 2.352618e-06 2.362666e-06 3.490455e-01 9.999935e-01 9.983938e-01
-3.100000e+00 8.463563e-06 8.463563e-06 -2.261785e-06 2.294898e-06 5.361393e-01 1.289250e+00 4.370267e-01 4.370541e-01 -1.146903e-05 6.725685e-06 2.366620e-06 2.376722e-06 3.467371e-01 9.999935e-01 9.983933e-01
-3.120000e+00 8.515244e-06 8.515244e-06 -2.275178e-06 2.308615e-06 5.358670e-01 1.289694e+00 4.367688e-01 4.367963e-01 -1.153710e-05 6.765737e-06 2.380603e-06 2.390758e-06 3.444583e-01 9.999935e-01 9.983927e-01
-3.140000e+00 8.566874e-06 8.566874e-06 -2.288552e-06 2.322314e-06 5.355951e-01 1.290138e+00 4.365110e-01 4.365385e-01 -1.160508e-05 6.805737e-06 2.394567e-06 2.404775e-06 3.422086e-01 9.999935e-01 9.983922e-01
-3.160000e+00 8.618453e-06 8.618453e-06 -2.301908e-06 2.335997e-06 5.353235e-01 1.290581e+00 4.362533e-01 4.362808e-01 -1.167297e-05 6.845684e-06 2.408510e-06 2.418771e-06 3.399875e-01 9.999935e-01 9.983916e-01
-3.180000e+00 8.669981e-06 8.669981e-06 -2.315245e-06 2.349662e-06 5.350523e-01 1.291023e+00 4.359955e-01 4.360230e-01 -1.174076e-05 6.885579e-06 2.422434e-06 2.432747e-06 3.377943e-01 9.999935e-01 9.983911e-01
-3.200000e+00 8.721457e-06 8.721457e-06 -2.328563e-06 2.363311e-06 5.347814e-01 1.291465e+00 4.357378e-01 4.357654e-01 -1.180846e-05 6.925422e-06 2.436337e-06 2.446703e-06 3.356285e-01 9.999935e-01 9.983905e-01
-3.220000e+00 8.772881e-06 8.772881e-06 -2.341862e-06 2.376942e-06 5.345110e-01 1.291906e+00 4.354802e-01 4.355077e-01 -1.187607e-05 6.965213e-06 2.450221e-06 2.460639e-06 3.334897e-01 9.999935e-01 9.983900e-01
-3.240000e+00 8.824253e-06 8.824253e-06 -2.355143e-06 2.390556e-06 5.342409e-01 1.292347e+00 4.352225e-01 4.352501e-01 -1.194359e-05 7.004950e-06 2.464084e-06 2.474555e-06 3.313773e-01 9.999935e-01 9.983894e-01
-3.260000e+00 8.875572e-06 8.875572e-06 -2.368405e-06 2.404153e-06 5.339712e-01 1.292787e+00 4.349650e-01 4.349925e-01 -1.201101e-05 7.044635e-06 2.477928e-06 2.488450e-06 3.292909e-01 9.999936e-01 9.983889e-01
-3.280000e+00 8.926839e-06 8.926839e-06 -2.381648e-06 2.417732e-06 5.337018e-01 1.293227e+00 4.347074e-01 4.347350e-01 -1.207834e-05 7.084266e-06 2.491751e-06 2.502326e-06 3.272300e-01 9.999936e-01 9.983883e-01
-3.300000e+00 8.978053e-06 8.978053e-06 -2.394872e-06 2.431294e-06 5.334328e-01 1.293665e+00 4.344499e-01 4.344775e-01 -1.214558e-05 7.123845e-06 2.505555e-06 2.516180e-06 3.251941e-01 9.999936e-01 9.983878e-01
-3.320000e+00 9.029214e-06 9.029214e-06 -2.408077e-06 2.444839e-06 5.331642e-01 1.294104e+00 4.341924e-01 4.342200e-01 -1.221272e-05 7.163370e-06 2.519338e-06 2.530015e-06 3.231828e-01 9.999936e-01 9.983872e-01
-3.340000e+00 9.080322e-06 9.080322e-06 -2.421263e-06 2.458366e-06 5.328960e-01 1.294542e+00 4.339350e-01 4.339626e-01 -1.227977e-05 7.202842e-06 2.533101e-06 2.543829e-06 3.211956e-01 9.999936e-01 9.983867e-01
-3.360000e+00 9.131376e-06 9.131376e-06 -2.434430e-06 2.471876e-06 5.326282e-01 1.294979e+00 4.336776e-01 4.337053e-01 -1.234673e-05 7.242261e-06 2.546843e-06 2.557623e-06 3.192320e-01 9.999936e-01 9.983861e-01
-3.380000e+00 9.182377e-06 9.182377e-06 -2.447578e-06 2.485368e-06 5.323607e-01 1.295415e+00 4.334203e-01 4.334480e-01 -1.241359e-05 7.281626e-06 2.560566e-06 2.571396e-06 3.172918e-01 9.999936e-01 9.983856e-01
-3.400000e+00 9.233324e-06 9.233324e-06 -2.460707e-06 2.498843e-06 5.320936e-01 1.295851e+00 4.331630e-01 4.331907e-01 -1.248035e-05 7.320937e-06 2.574267e-06 2.585148e-06 3.153744e-01 9.999936e-01 9.983851e-01
-3.420000e+00 9.284216e-06 9.284216e-06 -2.473816e-06 2.512300e-06 5.318269e-01 1.296287e+00 4.329058e-01 4.329335e-01 -1.254702e-05 7.360194e-06 2.587949e-06 2.598880e-06 3.134795e-01 9.999936e-01 9.983845e-01
-3.440000e+00 9.335054e-06 9.335054e-06 -2.486906e-06 2.525739e-06 5.315606e-01 1.296721e+00 4.326486e-01 4.326763e-01 -1.261360e-05 7.399397e-06 2.601610e-06 2.612592e-06 3.116067e-01 9.999936e-01 9.983840e-01
-3.460000e+00 9.385838e-06 9.385838e-06 -2.499978e-06 2.539161e-06 5.312946e-01 1.297155e+00 4.323915e-01 4.324192e-01 -1.268008e-05 7.438546e-06 2.615250e-06 2.626282e-06 3.097556e-01 9.999936e-01 9.983834e-01
-3.480000e+00 9.436567e-06 9.436567e-06 -2.513029e-06 2.552565e-06 5.310290e-01 1.297589e+00 4.321344e-01 4.321621e-01 -1.274646e-05 7.477641e-06 2.628870e-06 2.639952e-06 3.079258e-01 9.999936e-01 9.983829e-01
-3.500000e+00 9.487240e-06 9.487240e-06 -2.526062e-06 2.565951e-06 5.307639e-01 1.298022e+00 4.318774e-01 4.319051e-01 -1.281275e-05 7.516681e-06 2.642470e-06 2.653601e-06 3.061169e-01 9.999936e-01 9.983823e-01
-3.520000e+00 9.537859e-06 9.537859e-06 -2.539075e-06 2.579319e-06 5.304991e-01 1.298454e+00 4.316205e-01 4.316482e-01 -1.287895e-05 7.555667e-06 2.656049e-06 2.667230e-06 3.043287e-01 9.999936e-01 9.983818e-01
-3.540000e+00 9.588422e-06 9.588422e-06 -2.552069e-06 2.592669e-06 5.302346e-01 1.298886e+00 4.313636e-01 4.313913e-01 -1.294504e-05 7.594598e-06 2.669607e-06 2.680837e-06 3.025606e-01 9.999937e-01 9.983812e-01
-3.560000e+00 9.638930e-06 9.638930e-06 -2.565043e-06 2.606001e-06 5.299706e-01 1.299317e+00 4.311067e-01 4.311345e-01 -1.301104e-05 7.633475e-06 2.683144e-06 2.694424e-06 3.008125e-01 9.999937e-01 9.983807e-01
-3.580000e+00 9.689381e-06 9.689381e-06 -2.577998e-06 2.619315e-06 5.297070e-01 1.299748e+00 4.308500e-01 4.308778e-01 -1.307695e-05 7.672297e-06 2.696661e-06 2.707990e-06 2.990840e-01 9.999937e-01 9.983801e-01
-3.600000e+00 9.739777e-06 9.739777e-06 -2.590933e-06 2.632612e-06 5.294437e-01 1.300178e+00 4.305933e-01 4.306211e-01 -1.314275e-05 7.711063e-06 2.710157e-06 2.721534e-06 2.973747e-01 9.999937e-01 9.983796e-01
-3.620000e+00 9.790116e-06 9.790116e-06 -2.603849e-06 2.645890e-06 5.291808e-01 1.300607e+00 4.303366e-01 4.303644e-01 -1.320846e-05 7.749775e-06 2.723632e-06 2.735058e-06 2.956844e-01 9.999937e-01 9.983790e-01
-3.640000e+00 9.840399e-06 9.840399e-06 -2.616745e-06 2.659150e-06 5.289184e-01 1.301035e+00 4.300801e-01 4.301079e-01 -1.327408e-05 7.788432e-06 2.737086e-06 2.748561e-06 2.940127e-01 9.999937e-01 9.983785e-01
-3.660000e+00 9.890625e-06 9.890625e-06 -2.629622e-06 2.672392e-06 5.286563e-01 1.301464e+00 4.298236e-01 4.298514e-01 -1.333959e-05 7.827033e-06 2.750519e-06 2.762042e-06 2.923592e-01 9.999937e-01 9.983779e-01
-3.680000e+00 9.940795e-06 9.940795e-06 -2.642479e-06 2.685615e-06 5.283946e-01 1.301891e+00 4.295672e-01 4.295950e-01 -1.340501e-05 7.865579e-06 2.763931e-06 2.775503e-06 2.907238e-01 9.999937e-01 9.983774e-01
-3.700000e+00 9.990907e-06 9.990907e-06 -2.655316e-06 2.698820e-06 5.281332e-01 1.302318e+00 4.293108e-01 4.293387e-01 -1.347033e-05 7.904069e-06 2.777323e-06 2.788942e-06 2.891062e-01 9.999937e-01 9.983768e-01
-3.720000e+00 1.004096e-05 1.004096e-05 -2.668133e-06 2.712008e-06 5.278723e-01 1.302744e+00 4.290545e-01 4.290824e-01 -1.353556e-05 7.942503e-06 2.790693e-06 2.802361e-06 2.875059e-01 9.999937e-01 9.983763e-01
-3.740000e+00 1.009096e-05 1.009096e-05 -2.680931e-06 2.725176e-06 5.276118e-01 1.303170e+00 4.287983e-01 4.288262e-01 -1.360068e-05 7.980882e-06 2.804042e-06 2.815758e-06 2.859229e-01 9.999937e-01 9.983757e-01
-3.760000e+00 1.014090e-05 1.014090e-05 -2.693709e-06 2.738327e-06 5.273517e-01 1.303595e+00 4.285422e-01 4.285701e-01 -1.366571e-05 8.019205e-06 2.817371e-06 2.829133e-06 2.843567e-01 9.999937e-01 9.983752e-01
-3.780000e+00 1.019078e-05 1.019078e-05 -2.706467e-06 2.751459e-06 5.270919e-01 1.304019e+00 4.282862e-01 4.283141e-01 -1.373064e-05 8.057472e-06 2.830678e-06 2.842488e-06 2.828071e-01 9.999937e-01 9.983747e-01
-3.800000e+00 1.024060e-05 1.024060e-05 -2.719206e-06 2.764572e-06 5.268326e-01 1.304443e+00 4.280302e-01 4.280581e-01 -1.379547e-05 8.095683e-06 2.843964e-06 2.855821e-06 2.812739e-01 9.999937e-01 9.983741e-01
-3.820000e+00 1.029037e-05 1.029037e-05 -2.731924e-06 2.777667e-06 5.265736e-01 1.304866e+00 4.277743e-01 4.278022e-01 -1.386020e-05 8.133838e-06 2.857229e-06 2.869132e-06 2.797568e-01 9.999938e-01 9.983736e-01
-3.840000e+00 1.034008e-05 1.034008e-05 -2.744623e-06 2.790743e-06 5.263151e-01 1.305288e+00 4.275185e-01 4.275464e-01 -1.392483e-05 8.171936e-06 2.870472e-06 2.882423e-06 2.782555e-01 9.999938e-01 9.983730e-01
-3.860000e+00 1.038972e-05 1.038972e-05 -2.757301e-06 2.803801e-06 5.260569e-01 1.305710e+00 4.272628e-01 4.272907e-01 -1.398936e-05 8.209979e-06 2.883695e-06 2.895691e-06 2.767699e-01 9.999938e-01 9.983725e-01
-3.880000e+00 1.043931e-05 1.043931e-05 -2.769960e-06 2.816841e-06 5.257991e-01 1.306131e+00 4.270072e-01 4.270351e-01 -1.405380e-05 8.247964e-06 2.896896e-06 2.908939e-06 2.752996e-01 9.999938e-01 9.983719e-01
-3.900000e+00 1.048884e-05 1.048884e-05 -2.782598e-06 2.829861e-06 5.255418e-01 1.306552e+00 4.267517e-01 4.267796e-01 -1.411813e-05 8.285893e-06 2.910075e-06 2.922165e-06 2.738444e-01 9.999938e-01 9.983714e-01
-3.920000e+00 1.053831e-05 1.053831e-05 -2.795217e-06 2.842863e-06 5.252848e-01 1.306972e+00 4.264962e-01 4.265242e-01 -1.418237e-05 8.323765e-06 2.923234e-06 2.935369e-06 2.724041e-01 9.999938e-01 9.983708e-01
-3.940000e+00 1.058772e-05 1.058772e-05 -2.807815e-06 2.855846e-06 5.250282e-01 1.307391e+00 4.262409e-01 4.262688e-01 -1.424650e-05 8.361581e-06 2.936370e-06 2.948552e-06 2.709785e-01 9.999938e-01 9.983703e-01
-3.960000e+00 1.063708e-05 1.063708e-05 -2.820394e-06 2.868811e-06 5.247721e-01 1.307810e+00 4.259856e-01 4.260136e-01 -1.431054e-05 8.399340e-06 2.949486e-06 2.961713e-06 2.695674e-01 9.999938e-01 9.983697e-01
-3.980000e+00 1.068637e-05 1.068637e-05 -2.832952e-06 2.881756e-06 5.245163e-01 1.308228e+00 4.257305e-01 4.257584e-01 -1.437447e-05 8.437041e-06 2.962580e-06 2.974852e-06 2.681705e-01 9.999938e-01 9.983692e-01
-4.000000e+00 1.073560e-05 1.073560e-05 -2.845490e-06 2.894683e-06 5.242609e-01 1.308645e+00 4.254754e-01 4.255034e-01 -1.443831e-05 8.474686e-06 2.975653e-06 2.987970e-06 2.667876e-01 9.999938e-01 9.983686e-01
-4.020000e+00 1.078477e-05 1.078477e-05 -2.858008e-06 2.907591e-06 5.240060e-01 1.309062e+00 4.252204e-01 4.252484e-01 -1.450204e-05 8.512273e-06 2.988704e-06 3.001066e-06 2.654185e-01 9.999938e-01 9.983681e-01
-4.040000e+00 1.083388e-05 1.083388e-05 -2.870505e-06 2.920480e-06 5.237514e-01 1.309478e+00 4.249656e-01 4.249935e-01 -1.456568e-05 8.549803e-06 3.001733e-06 3.014141e-06 2.640630e-01 9.999938e-01 9.983676e-01
-4.060000e+00 1.088293e-05 1.088293e-05 -2.882983e-06 2.933350e-06 5.234972e-01 1.309894e+00 4.247108e-01 4.247388e-01 -1.462921e-05 8.587276e-06 3.014741e-06 3.027193e-06 2.627209e-01 9.999938e-01 9.983670e-01
-4.080000e+00 1.093192e-05 1.093192e-05 -2.895440e-06 2.946201e-06 5.232435e-01 1.310309e+00 4.244561e-01 4.244841e-01 -1.469264e-05 8.624691e-06 3.027727e-06 3.040224e-06 2.613920e-01 9.999938e-01 9.983665e-01
-4.100000e+00 1.098085e-05 1.098085e-05 -2.907877e-06 2.959033e-06 5.229901e-01 1.310723e+00 4.242016e-01 4.242296e-01 -1.475597e-05 8.662049e-06 3.040692e-06 3.053233e-06 2.600761e-01 9.999939e-01 9.983659e-01
-4.120000e+00 1.102972e-05 1.102972e-05 -2.920293e-06 2.971846e-06 5.227372e-01 1.311137e+00 4.239471e-01 4.239751e-01 -1.481920e-05 8.699349e-06 3.053635e-06 3.066221e-06 2.587730e-01 9.999939e-01 9.983654e-01
-4.140000e+00 1.107852e-05 1.107852e-05 -2.932689e-06 2.984640e-06 5.224846e-01 1.311550e+00 4.236928e-01 4.237208e-01 -1.488233e-05 8.736591e-06 3.066556e-06 3.079186e-06 2.574826e-01 9.999939e-01 9.983648e-01
-4.160000e+00 1.112727e-05 1.112727e-05 -2.945065e-06 2.997414e-06 5.222325e-01 1.311962e+00 4.234386e-01 4.234666e-01 -1.494536e-05 8.773775e-06 3.079456e-06 3.092129e-06 2.562047e-01 9.999939e-01 9.983643e-01
-4.180000e+00 1.117595e-05 1.117595e-05 -2.957420e-06 3.010170e-06 5.219808e-01 1.312374e+00 4.231844e-01 4.232125e-01 -1.500829e-05 8.810902e-06 3.092334e-06 3.105051e-06 2.549390e-01 9.999939e-01 9.983637e-01
-4.200000e+00 1.122457e-05 1.122457e-05 -2.969755e-06 3.022906e-06 5.217294e-01 1.312785e+00 4.229304e-01 4.229585e-01 -1.507111e-05 8.847970e-06 3.105190e-06 3.117950e-06 2.536854e-01 9.999939e-01 9.983632e-01
-4.220000e+00 1.127313e-05 1.127313e-05 -2.982069e-06 3.035624e-06 5.214785e-01 1.313195e+00 4.226765e-01 4.227046e-01 -1.513383e-05 8.884980e-06 3.118024e-06 3.130828e-06 2.524438e-01 9.999939e-01 9.983626e-01
-4.240000e+00 1.132162e-05 1.132162e-05 -2.994363e-06 3.048321e-06 5.212280e-01 1.313605e+00 4.224228e-01 4.224508e-01 -1.519645e-05 8.921933e-06 3.130836e-06 3.143683e-06 2.512139e-01 9.999939e-01 9.983621e-01
-4.260000e+00 1.137006e-05 1.137006e-05 -3.006637e-06 3.061000e-06 5.209779e-01 1.314014e+00 4.221691e-01 4.221971e-01 -1.525897e-05 8.958826e-06 3.143627e-06 3.156517e-06 2.499956e-01 9.999939e-01 9.983616e-01
-4.280000e+00 1.141843e-05 1.141843e-05 -3.018890e-06 3.073659e-06 5.207282e-01 1.314422e+00 4.219156e-01 4.219436e-01 -1.532139e-05 8.995662e-06 3.156396e-06 3.169328e-06 2.487888e-01 9.999939e-01 9.983610e-01
-4.300000e+00 1.146674e-05 1.146674e-05 -3.031122e-06 3.086299e-06 5.204789e-01 1.314830e+00 4.216622e-01 4.216902e-01 -1.538370e-05 9.032439e-06 3.169142e-06 3.182117e-06 2.475932e-01 9.999939e-01 9.983605e-01
-4.320000e+00 1.151498e-05 1.151498e-05 -3.043333e-06 3.098920e-06 5.202301e-01 1.315237e+00 4.214089e-01 4.214369e-01 -1.544591e-05 9.069158e-06 3.181867e-06 3.194884e-06 2.464087e-01 9.999939e-01 9.983599e-01
-4.340000e+00 1.156316e-05 1.156316e-05 -3.055525e-06 3.111521e-06 5.199816e-01 1.315644e+00 4.211557e-01 4.211837e-01 -1.550802e-05 9.105817e-06 3.194570e-06 3.207629e-06 2.452352e-01 9.999939e-01 9.983594e-01
-4.360000e+00 1.161128e-05 1.161128e-05 -3.067695e-06 3.124102e-06 5.197336e-01 1.316050e+00 4.209026e-01 4.209307e-01 -1.557002e-05 9.142419e-06 3.207251e-06 3.220352e-06 2.440726e-01 9.999939e-01 9.983588e-01
-4.380000e+00 1.165934e-05 1.165934e-05 -3.079845e-06 3.136665e-06 5.194859e-01 1.316455e+00 4.206497e-01 4.206778e-01 -1.563192e-05 9.178961e-06 3.219909e-06 3.233052e-06 2.429206e-01 9.999939e-01 9.983583e-01
-4.400000e+00 1.170733e-05 1.170733e-05 -3.091974e-06 3.149207e-06 5.192387e-01 1.316859e+00 4.203969e-01 4.204250e-01 -1.569372e-05 9.215445e-06 3.232546e-06 3.245731e-06 2.417791e-01 9.999940e-01 9.983577e-01
-4.420000e+00 1.175526e-05 1.175526e-05 -3.104082e-06 3.161730e-06 5.189919e-01 1.317263e+00 4.201443e-01 4.201723e-01 -1.575542e-05 9.251869e-06 3.245161e-06 3.258387e-06 2.406480e-01 9.999940e-01 9.983572e-01
-4.440000e+00 1.180312e-05 1.180312e-05 -3.116170e-06 3.174234e-06 5.187455e-01 1.317667e+00 4.198917e-01 4.199198e-01 -1.581701e-05 9.288235e-06 3.257753e-06 3.271021e-06 2.395271e-01 9.999940e-01 9.983567e-01
-4.460000e+00 1.185092e-05 1.185092e-05 -3.128237e-06 3.186718e-06 5.184995e-01 1.318069e+00 4.196393e-01 4.196674e-01 -1.587850e-05 9.324542e-06 3.270324e-06 3.283632e-06 2.384164e-01 9.999940e-01 9.983561e-01
-4.480000e+00 1.189865e-05 1.189865e-05 -3.140283e-06 3.199182e-06 5.182539e-01 1.318471e+00 4.193871e-01 4.194151e-01 -1.593988e-05 9.360789e-06 3.282872e-06 3.296221e-06 2.373156e-01 9.999940e-01 9.983556e-01
-4.500000e+00 1.194632e-05 1.194632e-05 -3.152308e-06 3.211627e-06 5.180088e-01 1.318872e+00 4.191350e-01 4.191630e-01 -1.600116e-05 9.396977e-06 3.295398e-06 3.308788e-06 2.362246e-01 9.999940e-01 9.983550e-01
-4.520000e+00 1.199393e-05 1.199393e-05 -3.164312e-06 3.224052e-06 5.177641e-01 1.319273e+00 4.188830e-01 4.189110e-01 -1.606234e-05 9.433106e-06 3.307902e-06 3.321333e-06 2.351434e-01 9.999940e-01 9.983545e-01
-4.540000e+00 1.204147e-05 1.204147e-05 -3.176296e-06 3.236457e-06 5.175197e-01 1.319673e+00 4.186311e-01 4.186592e-01 -1.612341e-05 9.469175e-06 3.320384e-06 3.333855e-06 2.340717e-01 9.999940e-01 9.983539e-01
-4.560000e+00 1.208894e-05 1.208894e-05 -3.188259e-06 3.248842e-06 5.172758e-01 1.320072e+00 4.183794e-01 4.184075e-01 -1.618438e-05 9.505185e-06 3.332843e-06 3.346354e-06 2.330095e-01 9.999940e-01 9.983534e-01
-4.580000e+00 1.213635e-05 1.213635e-05 -3.200201e-06 3.261208e-06 5.170323e-01 1.320471e+00 4.181279e-01 4.181559e-01 -1.624525e-05 9.541136e-06 3.345280e-06 3.358832e-06 2.319566e-01 9.999940e-01 9.983529e-01
-4.600000e+00 1.218370e-05 1.218370e-05 -3.212122e-06 3.273554e-06 5.167893e-01 1.320869e+00 4.178764e-01 4.179045e-01 -1.630601e-05 9.577027e-06 3.357695e-06 3.371286e-06 2.309129e-01 9.999940e-01 9.983523e-01
-4.620000e+00 1.223098e-05 1.223098e-05 -3.224022e-06 3.285880e-06 5.165466e-01 1.321266e+00 4.176252e-01 4.176532e-01 -1.636666e-05 9.612858e-06 3.370088e-06 3.383719e-06 2.298783e-01 9.999940e-01 9.983518e-01
-4.640000e+00 1.227819e-05 1.227819e-05 -3.235901e-06 3.298186e-06 5.163044e-01 1.321663e+00 4.173740e-01 4.174021e-01 -1.642722e-05 9.648629e-06 3.382458e-06 3.396128e-06 2.288527e-01 9.999940e-01 9.983512e-01
-4.660000e+00 1.232534e-05 1.232534e-05 -3.247759e-06 3.310472e-06 5.160626e-01 1.322059e+00 4.171231e-01 4.171511e-01 -1.648766e-05 9.684341e-06 3.394806e-06 3.408516e-06 2.278359e-01 9.999940e-01 9.983507e-01
-4.680000e+00 1.237242e-05 1.237242e-05 -3.259596e-06 3.322738e-06 5.158212e-01 1.322454e+00 4.168722e-01 4.169003e-01 -1.654800e-05 9.719993e-06 3.407132e-06 3.420881e-06 2.268278e-01 9.999940e-01 9.983501e-01
-4.700000e+00 1.241944e-05 1.241944e-05 -3.271412e-06 3.334985e-06 5.155802e-01 1.322849e+00 4.166216e-01 4.166496e-01 -1.660824e-05 9.755584e-06 3.419435e-06 3.433223e-06 2.258284e-01 9.999940e-01 9.983496e-01
-4.720000e+00 1.246639e-05 1.246639e-05 -3.283208e-06 3.347211e-06 5.153396e-01 1.323243e+00 4.163710e-01 4.163991e-01 -1.666837e-05 9.791116e-06 3.431716e-06 3.445542e-06 2.248375e-01 9.999941e-01 9.983491e-01
-4.740000e+00 1.251327e-05 1.251327e-05 -3.294982e-06 3.359417e-06 5.150995e-01 1.323636e+00 4.161207e-01 4.161487e-01 -1.672840e-05 9.826588e-06 3.443974e-06 3.457839e-06 2.238551e-01 9.999941e-01 9.983485e-01
-4.760000e+00 1.256009e-05 1.256009e-05 -3.306735e-06 3.371604e-06 5.148598e-01 1.324028e+00 4.158705e-01 4.158985e-01 -1.678832e-05 9.862000e-06 3.456210e-06 3.470114e-06 2.228809e-01 9.999941e-01 9.983480e-01
-4.780000e+00 1.260684e-05 1.260684e-05 -3.318467e-06 3.383770e-06 5.146205e-01 1.324420e+00 4.156204e-01 4.156484e-01 -1.684814e-05 9.897351e-06 3.468424e-06 3.482366e-06 2.219149e-01 9.999941e-01 9.983474e-01
-4.800000e+00 1.265352e-05 1.265352e-05 -3.330178e-06 3.395916e-06 5.143816e-01 1.324812e+00 4.153705e-01 4.153985e-01 -1.690785e-05 9.932642e-06 3.480615e-06 3.494595e-06 2.209571e-01 9.999941e-01 9.983469e-01
-4.820000e+00 1.270014e-05 1.270014e-05 -3.341868e-06 3.408043e-06 5.141432e-01 1.325202e+00 4.151208e-01 4.151488e-01 -1.696746e-05 9.967873e-06 3.492784e-06 3.506801e-06 2.200072e-01 9.999941e-01 9.983464e-01
-4.840000e+00 1.274668e-05 1.274668e-05 -3.353536e-06 3.420149e-06 5.139051e-01 1.325592e+00 4.148712e-01 4.148992e-01 -1.702696e-05 1.000304e-05 3.504930e-06 3.518985e-06 2.190653e-01 9.999941e-01 9.983458e-01
-4.860000e+00 1.279316e-05 1.279316e-05 -3.365184e-06 3.432235e-06 5.136675e-01 1.325982e+00 4.146218e-01 4.146498e-01 -1.708635e-05 1.003815e-05 3.517053e-06 3.531146e-06 2.181311e-01 9.999941e-01 9.983453e-01
-4.880000e+00 1.283958e-05 1.283958e-05 -3.376810e-06 3.444300e-06 5.134304e-01 1.326370e+00 4.143726e-01 4.144006e-01 -1.714564e-05 1.007320e-05 3.529154e-06 3.543284e-06 2.172046e-01 9.999941e-01 9.983447e-01
-4.900000e+00 1.288592e-05 1.288592e-05 -3.388416e-06 3.456346e-06 5.131936e-01 1.326758e+00 4.141235e-01 4.141515e-01 -1.720482e-05 1.010819e-05 3.541233e-06 3.555400e-06 2.162858e-01 9.999941e-01 9.983442e-01
-4.920000e+00 1.293220e-05 1.293220e-05 -3.400000e-06 3.468371e-06 5.129573e-01 1.327145e+00 4.138746e-01 4.139026e-01 -1.726390e-05 1.014312e-05 3.553289e-06 3.567493e-06 2.153745e-01 9.999941e-01 9.983437e-01
-4.940000e+00 1.297841e-05 1.297841e-05 -3.411563e-06 3.480376e-06 5.127213e-01 1.327532e+00 4.136259e-01 4.136538e-01 -1.732287e-05 1.017799e-05 3.565322e-06 3.579563e-06 2.144706e-01 9.999941e-01 9.983431e-01
-4.960000e+00 1.302455e-05 1.302455e-05 -3.423104e-06 3.492361e-06 5.124859e-01 1.327918e+00 4.133773e-01 4.134053e-01 -1.738174e-05 1.021279e-05 3.577333e-06 3.591610e-06 2.135741e-01 9.999941e-01 9.983426e-01
-4.980000e+00 1.307063e-05 1.307063e-05 -3.434625e-06 3.504326e-06 5.122508e-01 1.328303e+00 4.131289e-01 4.131569e-01 -1.744050e-05 1.024754e-05 3.589321e-06 3.603635e-06 2.126848e-01 9.999941e-01 9.983420e-01
-5.000000e+00 1.311663e-05 1.311663e-05 -3.446124e-06 3.516270e-06 5.120162e-01 1.328688e+00 4.128807e-01 4.129087e-01 -1.749915e-05 1.028223e-05 3.601286e-06 3.615637e-06 2.118026e-01 9.999941e-01 9.983415e-01
