# ###########
# [default parameters]
#   OrderedDict([('NL', '10'), ('NR', '10'), ('GNL', '1e-4'), ('GNR', '1e-4'), ('GS', '1.'), ('wL', '5.'), ('wR', '3.'), ('lambdaL', '0.05'), ('lambdaR', '0.05'), ('QL', '1e5'), ('QR', '1e5'), ('TOscL', '5.'), ('TOscR', '5.'), ('TelL', '0.'), ('TelR', '0.'), ('muL', '-1e3'), ('muR', '-1e3'), ('ham', 'chargevib')])
# [assignments]
#   OrderedDict([('eLu', 'x'), ('eLd', 'x'), ('eRu', 'x'), ('eRd', 'x')])
# [variables]
#   ['x']
# [columns]
#   ['x', 'IL', 'IR', 'IphL', 'IphR', 'nOscL', 'nOscR', 'nElL', 'nElR', 'dotEOscL', 'dotEOscR', 'dotEelL', 'dotEelR', 'eta', 'commL', 'commR']
# ###########
# 
7.000000e-01 2.529764e-05 2.529764e-05 -1.328142e-08 -2.811549e-08 5.813010e-01 1.190724e+00 2.529764e-01 2.529764e-01 -6.010807e-08 -7.576299e-08 5.627503e-08 7.959603e-08 -3.094148e-07 9.992216e-01 9.796153e-01
7.000800e-01 2.529498e-05 2.529498e-05 -1.362875e-08 -2.763483e-08 5.812941e-01 1.190733e+00 2.529498e-01 2.529498e-01 -6.185736e-08 -7.459010e-08 5.656068e-08 7.988679e-08 -2.516851e-07 9.992216e-01 9.796127e-01
7.001600e-01 2.529233e-05 2.529233e-05 -1.392121e-08 -2.724580e-08 5.812882e-01 1.190742e+00 2.529233e-01 2.529233e-01 -6.333285e-08 -7.371080e-08 5.685625e-08 8.018740e-08 -2.051599e-07 9.992216e-01 9.796115e-01
7.002400e-01 2.528968e-05 2.528968e-05 -1.434111e-08 -2.664456e-08 5.812798e-01 1.190754e+00 2.528968e-01 2.528968e-01 -6.544613e-08 -7.221567e-08 5.716275e-08 8.049905e-08 -1.338401e-07 9.992217e-01 9.796076e-01
7.003200e-01 2.528705e-05 2.528705e-05 -1.434152e-08 -2.674179e-08 5.812797e-01 1.190749e+00 2.528705e-01 2.528705e-01 -6.546251e-08 -7.283805e-08 5.747985e-08 8.082071e-08 -1.458364e-07 9.992217e-01 9.796092e-01
7.004000e-01 2.528442e-05 2.528442e-05 -1.468270e-08 -2.627105e-08 5.812728e-01 1.190756e+00 2.528442e-01 2.528442e-01 -6.718334e-08 -7.178124e-08 5.780938e-08 8.115520e-08 -9.092361e-08 9.992217e-01 9.796058e-01
7.004800e-01 2.528180e-05 2.528180e-05 -1.495763e-08 -2.590991e-08 5.812673e-01 1.190762e+00 2.528180e-01 2.528180e-01 -6.857363e-08 -7.108006e-08 5.815151e-08 8.150219e-08 -4.956978e-08 9.992218e-01 9.796041e-01
7.005600e-01 2.527920e-05 2.527920e-05 -1.524596e-08 -2.552531e-08 5.812615e-01 1.190767e+00 2.527920e-01 2.527920e-01 -7.003164e-08 -7.033803e-08 5.850709e-08 8.186258e-08 -6.060052e-09 9.992218e-01 9.796015e-01
7.006400e-01 2.527660e-05 2.527660e-05 -1.541597e-08 -2.533627e-08 5.812580e-01 1.190768e+00 2.527660e-01 2.527660e-01 -7.089880e-08 -7.021506e-08 5.887687e-08 8.223699e-08 1.352502e-08 9.992219e-01 9.796011e-01
7.007200e-01 2.527401e-05 2.527401e-05 -1.596890e-08 -2.450751e-08 5.812469e-01 1.190784e+00 2.527401e-01 2.527401e-01 -7.368134e-08 -6.820802e-08 5.926206e-08 8.262729e-08 1.082796e-07 9.992219e-01 9.795962e-01
7.008000e-01 2.527144e-05 2.527144e-05 -1.645878e-08 -2.378114e-08 5.812371e-01 1.190798e+00 2.527144e-01 2.527144e-01 -7.614954e-08 -6.654801e-08 5.966367e-08 8.303388e-08 1.899681e-07 9.992220e-01 9.795923e-01
7.008800e-01 2.526887e-05 2.526887e-05 -1.664026e-08 -2.356519e-08 5.812334e-01 1.190797e+00 2.526887e-01 2.526887e-01 -7.707663e-08 -6.646196e-08 6.008196e-08 8.345664e-08 2.100344e-07 9.992220e-01 9.795908e-01
7.009600e-01 2.526633e-05 2.526633e-05 -1.702930e-08 -2.299958e-08 5.812255e-01 1.190808e+00 2.526633e-01 2.526633e-01 -7.904255e-08 -6.537518e-08 6.051914e-08 8.389860e-08 2.704661e-07 9.992220e-01 9.795897e-01
7.010400e-01 2.526379e-05 2.526379e-05 -1.733538e-08 -2.256717e-08 5.812194e-01 1.190809e+00 2.526379e-01 2.526379e-01 -8.059471e-08 -6.474123e-08 6.097600e-08 8.435994e-08 3.137589e-07 9.992221e-01 9.795850e-01
7.011200e-01 2.526127e-05 2.526127e-05 -1.791328e-08 -2.167622e-08 5.812077e-01 1.190825e+00 2.526127e-01 2.526127e-01 -8.350716e-08 -6.279040e-08 6.145437e-08 8.484319e-08 4.100499e-07 9.992221e-01 9.795808e-01
7.012000e-01 2.525877e-05 2.525877e-05 -1.787556e-08 -2.180334e-08 5.812084e-01 1.190813e+00 2.525877e-01 2.525877e-01 -8.334273e-08 -6.396024e-08 6.195513e-08 8.534784e-08 3.836784e-07 9.992222e-01 9.795811e-01
7.012800e-01 2.525628e-05 2.525628e-05 -1.896141e-08 -2.005078e-08 5.811866e-01 1.190850e+00 2.525628e-01 2.525628e-01 -8.879750e-08 -5.956346e-08 6.248139e-08 8.587956e-08 5.787479e-07 9.992223e-01 9.795719e-01
7.013600e-01 2.525382e-05 2.525382e-05 -1.979352e-08 -1.871048e-08 5.811700e-01 1.190876e+00 2.525382e-01 2.525382e-01 -9.298501e-08 -5.648711e-08 6.303447e-08 8.643765e-08 7.226215e-07 9.992224e-01 9.795644e-01
7.014400e-01 2.525137e-05 2.525137e-05 -1.931492e-08 -1.954122e-08 5.811794e-01 1.190842e+00 2.525137e-01 2.525137e-01 -9.062055e-08 -6.001329e-08 6.361383e-08 8.702002e-08 6.060514e-07 9.992223e-01 9.795689e-01
7.015200e-01 2.524895e-05 2.524895e-05 -2.005710e-08 -1.832431e-08 5.811645e-01 1.190862e+00 2.524895e-01 2.524895e-01 -9.436173e-08 -5.750159e-08 6.422621e-08 8.763711e-08 7.299341e-07 9.992224e-01 9.795628e-01
7.016000e-01 2.524655e-05 2.524655e-05 -2.107617e-08 -1.662900e-08 5.811440e-01 1.190894e+00 2.524655e-01 2.524655e-01 -9.948921e-08 -5.367310e-08 6.487322e-08 8.828909e-08 9.073735e-07 9.992225e-01 9.795536e-01
7.016800e-01 2.524418e-05 2.524418e-05 -2.154223e-08 -1.583463e-08 5.811346e-01 1.190896e+00 2.524418e-01 2.524418e-01 -1.018538e-07 -5.267752e-08 6.555571e-08 8.897556e-08 9.740112e-07 9.992226e-01 9.795467e-01
7.017600e-01 2.524184e-05 2.524184e-05 -2.175199e-08 -1.544304e-08 5.811303e-01 1.190892e+00 2.524184e-01 2.524184e-01 -1.029390e-07 -5.304231e-08 6.627893e-08 8.970240e-08 9.883732e-07 9.992227e-01 9.795468e-01
7.018400e-01 2.523953e-05 2.523953e-05 -2.354614e-08 -1.238420e-08 5.810943e-01 1.190955e+00 2.523953e-01 2.523953e-01 -1.119488e-07 -4.557583e-08 6.704771e-08 9.047688e-08 1.314861e-06 9.992228e-01 9.795301e-01
7.019200e-01 2.523725e-05 2.523725e-05 -2.301078e-08 -1.317196e-08 5.811049e-01 1.190916e+00 2.523725e-01 2.523725e-01 -1.093136e-07 -4.984098e-08 6.786160e-08 9.129302e-08 1.178271e-06 9.992228e-01 9.795367e-01
7.020000e-01 2.523501e-05 2.523501e-05 -2.407051e-08 -1.126254e-08 5.810835e-01 1.190938e+00 2.523501e-01 2.523501e-01 -1.146571e-07 -4.624132e-08 6.873138e-08 9.216701e-08 1.355572e-06 9.992229e-01 9.795224e-01
7.020800e-01 2.523282e-05 2.523282e-05 -2.548648e-08 -8.712868e-09 5.810551e-01 1.190979e+00 2.523282e-01 2.523282e-01 -1.217851e-07 -4.097350e-08 6.965916e-08 9.309941e-08 1.601319e-06 9.992230e-01 9.795080e-01
7.021600e-01 2.523067e-05 2.523067e-05 -2.685205e-08 -6.189776e-09 5.810277e-01 1.191016e+00 2.523067e-01 2.523067e-01 -1.286649e-07 -3.608757e-08 7.065396e-08 9.409852e-08 1.834619e-06 9.992232e-01 9.794935e-01
7.022400e-01 2.522857e-05 2.522857e-05 -2.631364e-08 -6.771120e-09 5.810382e-01 1.190964e+00 2.522857e-01 2.522857e-01 -1.260291e-07 -4.085281e-08 7.171802e-08 9.516388e-08 1.688092e-06 9.992232e-01 9.794944e-01
7.023200e-01 2.522653e-05 2.522653e-05 -2.843268e-08 -2.845638e-09 5.809957e-01 1.191033e+00 2.522653e-01 2.522653e-01 -1.366854e-07 -3.249687e-08 7.286571e-08 9.631653e-08 2.065058e-06 9.992233e-01 9.794748e-01
7.024000e-01 2.522456e-05 2.522456e-05 -3.085991e-08 1.691702e-09 5.809470e-01 1.191112e+00 2.522456e-01 2.522456e-01 -1.488882e-07 -2.278275e-08 7.410754e-08 9.756341e-08 2.499656e-06 9.992236e-01 9.794508e-01
7.024800e-01 2.522265e-05 2.522265e-05 -2.900150e-08 -7.973372e-10 5.809838e-01 1.190990e+00 2.522265e-01 2.522265e-01 -1.396688e-07 -3.466389e-08 7.543919e-08 9.889348e-08 2.081559e-06 9.992234e-01 9.794589e-01
7.025600e-01 2.522083e-05 2.522083e-05 -3.070630e-08 2.791827e-09 5.809494e-01 1.191034e+00 2.522083e-01 2.522083e-01 -1.482728e-07 -2.897505e-08 7.689509e-08 1.003527e-07 2.365064e-06 9.992236e-01 9.794438e-01
7.026400e-01 2.521911e-05 2.521911e-05 -3.381866e-08 8.898121e-09 5.808870e-01 1.191134e+00 2.521911e-01 2.521911e-01 -1.639229e-07 -1.651218e-08 7.848631e-08 1.019488e-07 2.922601e-06 9.992239e-01 9.794116e-01
7.027200e-01 2.521748e-05 2.521748e-05 -3.382976e-08 1.004388e-08 5.808864e-01 1.191098e+00 2.521748e-01 2.521748e-01 -1.640763e-07 -1.982816e-08 8.022095e-08 1.036835e-07 2.860082e-06 9.992239e-01 9.794126e-01
7.028000e-01 2.521599e-05 2.521599e-05 -3.626849e-08 1.548821e-08 5.808374e-01 1.191145e+00 2.521599e-01 2.521599e-01 -1.763791e-07 -1.134640e-08 8.213024e-08 1.055953e-07 3.272383e-06 9.992242e-01 9.793735e-01
7.028800e-01 2.521463e-05 2.521463e-05 -3.846237e-08 2.083203e-08 5.807931e-01 1.191196e+00 2.521463e-01 2.521463e-01 -1.874707e-07 -4.460197e-09 8.423197e-08 1.076990e-07 3.629055e-06 9.992243e-01 9.793524e-01
7.029600e-01 2.521342e-05 2.521342e-05 -3.790623e-08 2.197601e-08 5.808036e-01 1.191105e+00 2.521342e-01 2.521342e-01 -1.848277e-07 -1.174617e-08 8.655502e-08 1.100189e-07 3.432330e-06 9.992242e-01 9.793442e-01
7.030400e-01 2.521242e-05 2.521242e-05 -4.271618e-08 3.254777e-08 5.807070e-01 1.191253e+00 2.521242e-01 2.521242e-01 -2.090346e-07 7.240935e-09 8.916294e-08 1.126307e-07 4.289066e-06 9.992247e-01 9.792931e-01
7.031200e-01 2.521164e-05 2.521164e-05 -4.621455e-08 4.152608e-08 5.806365e-01 1.191330e+00 2.521164e-01 2.521164e-01 -2.267058e-07 1.908865e-08 9.207432e-08 1.155428e-07 4.874623e-06 9.992249e-01 9.792475e-01
7.032000e-01 2.521110e-05 2.521110e-05 -4.312457e-08 4.026374e-08 5.806974e-01 1.191070e+00 2.521110e-01 2.521110e-01 -2.114621e-07 -2.660671e-09 9.533242e-08 1.187904e-07 4.141061e-06 9.992249e-01 9.792325e-01
7.032800e-01 2.521089e-05 2.521089e-05 -5.109095e-08 5.838267e-08 5.805373e-01 1.191344e+00 2.521089e-01 2.521089e-01 -2.515346e-07 2.996984e-08 9.905101e-08 1.225137e-07 5.582993e-06 9.992252e-01 9.791595e-01
7.033600e-01 2.521105e-05 2.521105e-05 -5.282198e-08 6.732247e-08 5.805018e-01 1.191314e+00 2.521105e-01 2.521105e-01 -2.604719e-07 3.044310e-08 1.032862e-07 1.267427e-07 5.769594e-06 9.992256e-01 9.791314e-01
7.034400e-01 2.521164e-05 2.521164e-05 -6.142424e-08 8.924089e-08 5.803287e-01 1.191542e+00 2.521164e-01 2.521164e-01 -3.038167e-07 6.408378e-08 1.081378e-07 1.315951e-07 7.296243e-06 9.992260e-01 9.790110e-01
7.035200e-01 2.521277e-05 2.521277e-05 -6.838747e-08 1.104189e-07 5.801881e-01 1.191703e+00 2.521277e-01 2.521277e-01 -3.390316e-07 8.808529e-08 1.137463e-07 1.372000e-07 8.470249e-06 9.992266e-01 9.789244e-01
7.036000e-01 2.521451e-05 2.521451e-05 -7.051574e-08 1.260241e-07 5.801437e-01 1.191593e+00 2.521451e-01 2.521451e-01 -3.501507e-07 8.629006e-08 1.202106e-07 1.436500e-07 8.654555e-06 9.992267e-01 9.788499e-01
7.036800e-01 2.521704e-05 2.521704e-05 -7.487736e-08 1.486397e-07 5.800542e-01 1.191607e+00 2.521704e-01 2.521704e-01 -3.725399e-07 9.354703e-08 1.277837e-07 1.512091e-07 9.241508e-06 9.992266e-01 9.787953e-01
7.037600e-01 2.522050e-05 2.522050e-05 -7.441645e-08 1.673832e-07 5.800608e-01 1.191315e+00 2.522050e-01 2.522050e-01 -3.709447e-07 7.420837e-08 1.366690e-07 1.600674e-07 8.825224e-06 9.992271e-01 9.787320e-01
7.038400e-01 2.522510e-05 2.522510e-05 -8.891040e-08 2.163528e-07 5.797677e-01 1.191618e+00 2.522510e-01 2.522510e-01 -4.442853e-07 1.265583e-07 1.471701e-07 1.705569e-07 1.131499e-05 9.992276e-01 9.785030e-01
7.039200e-01 2.523110e-05 2.523110e-05 -9.803333e-08 2.628943e-07 5.795813e-01 1.191672e+00 2.523110e-01 2.523110e-01 -4.909679e-07 1.483546e-07 1.596261e-07 1.829872e-07 1.266934e-05 9.992281e-01 9.783482e-01
7.040000e-01 2.523861e-05 2.523861e-05 -1.039715e-07 3.111853e-07 5.794575e-01 1.191455e+00 2.523861e-01 2.523861e-01 -5.219400e-07 1.501994e-07 1.742095e-07 1.975311e-07 1.331570e-05 9.992282e-01 9.781529e-01
7.040800e-01 2.524791e-05 2.524791e-05 -1.140907e-07 3.732064e-07 5.792493e-01 1.191510e+00 2.524791e-01 2.524791e-01 -5.740315e-07 1.680928e-07 1.913285e-07 2.146103e-07 1.469675e-05 9.992285e-01 9.780346e-01
7.041600e-01 2.525935e-05 2.525935e-05 -1.600931e-07 4.987238e-07 5.783245e-01 1.192906e+00 2.525935e-01 2.525935e-01 -8.056853e-07 3.594769e-07 2.114647e-07 2.347436e-07 2.306398e-05 9.992315e-01 9.774343e-01
7.042400e-01 2.527186e-05 2.527186e-05 -1.747508e-07 5.610748e-07 5.780257e-01 1.192887e+00 2.527186e-01 2.527186e-01 -8.803835e-07 3.909639e-07 2.330973e-07 2.563224e-07 2.515342e-05 9.992315e-01 9.771306e-01
7.043200e-01 2.528479e-05 2.528479e-05 -1.841803e-07 5.793165e-07 5.778352e-01 1.192590e+00 2.528479e-01 2.528479e-01 -9.280980e-07 3.943182e-07 2.553097e-07 2.784701e-07 2.615043e-05 9.992320e-01 9.768562e-01
7.044000e-01 2.529652e-05 2.529652e-05 -1.793687e-07 5.025092e-07 5.779362e-01 1.191734e+00 2.529652e-01 2.529652e-01 -9.028547e-07 3.281061e-07 2.758335e-07 2.989151e-07 2.433063e-05 9.992320e-01 9.767569e-01
7.044800e-01 2.530515e-05 2.530515e-05 -2.370493e-07 4.359019e-07 5.767987e-01 1.193860e+00 2.530515e-01 2.530515e-01 -1.187725e-06 5.805883e-07 2.920137e-07 3.151234e-07 3.493980e-05 9.992356e-01 9.761989e-01
7.045600e-01 2.530649e-05 2.530649e-05 -1.834443e-07 1.231082e-07 5.778894e-01 1.190937e+00 2.530649e-01 2.530649e-01 -9.145363e-07 2.957684e-07 2.978801e-07 3.208877e-07 2.391293e-05 9.992319e-01 9.763967e-01
7.046400e-01 2.530259e-05 2.530259e-05 -2.188863e-07 -1.755762e-08 5.772002e-01 1.192907e+00 2.530259e-01 2.530259e-01 -1.087051e-06 4.711376e-07 2.964189e-07 3.194943e-07 3.079108e-05 9.992335e-01 9.764148e-01
7.047200e-01 2.529364e-05 2.529364e-05 -1.906017e-07 -1.818761e-07 5.777765e-01 1.192063e+00 2.529364e-01 2.529364e-01 -9.428395e-07 3.441414e-07 2.878116e-07 3.108865e-07 2.544080e-05 9.992325e-01 9.768809e-01
7.048000e-01 2.528193e-05 2.528193e-05 -2.119111e-07 -1.833119e-07 5.773550e-01 1.193313e+00 2.528193e-01 2.528193e-01 -1.048500e-06 4.746563e-07 2.753438e-07 2.985001e-07 3.012342e-05 9.992345e-01 9.767169e-01
7.048800e-01 2.526872e-05 2.526872e-05 -1.766705e-07 -2.253943e-07 5.780575e-01 1.192305e+00 2.526872e-01 2.526872e-01 -8.727010e-07 3.280526e-07 2.607401e-07 2.839083e-07 2.375968e-05 9.992334e-01 9.772269e-01
7.049600e-01 2.525592e-05 2.525592e-05 -1.558337e-07 -2.211461e-07 5.784705e-01 1.191788e+00 2.525592e-01 2.525592e-01 -7.694929e-07 2.528616e-07 2.467173e-07 2.699140e-07 2.023990e-05 9.992336e-01 9.774889e-01
7.050400e-01 2.524389e-05 2.524389e-05 -1.678692e-07 -1.549110e-07 5.782253e-01 1.192821e+00 2.524389e-01 2.524389e-01 -8.308613e-07 3.399871e-07 2.338014e-07 2.570728e-07 2.319072e-05 9.992342e-01 9.775428e-01
7.051200e-01 2.523335e-05 2.523335e-05 -1.810020e-07 -8.924326e-08 5.779595e-01 1.193862e+00 2.523335e-01 2.523335e-01 -8.977183e-07 4.284209e-07 2.229786e-07 2.463188e-07 2.627750e-05 9.992370e-01 9.775902e-01
7.052000e-01 2.522327e-05 2.522327e-05 -1.454005e-07 -1.061108e-07 5.786647e-01 1.192636e+00 2.522327e-01 2.522327e-01 -7.209147e-07 2.720285e-07 2.127756e-07 2.361107e-07 1.968308e-05 9.992336e-01 9.780112e-01
7.052800e-01 2.521476e-05 2.521476e-05 -1.296961e-07 -9.689444e-08 5.789744e-01 1.192176e+00 2.521476e-01 2.521476e-01 -6.434923e-07 2.105521e-07 2.047953e-07 2.281449e-07 1.693541e-05 9.992336e-01 9.781946e-01
7.053600e-01 2.520743e-05 2.520743e-05 -1.354374e-07 -5.768354e-08 5.788557e-01 1.192807e+00 2.520743e-01 2.520743e-01 -6.732214e-07 2.528383e-07 1.984952e-07 2.218878e-07 1.836879e-05 9.992340e-01 9.783275e-01
7.054400e-01 2.520111e-05 2.520111e-05 -1.289787e-07 -4.370963e-08 5.789813e-01 1.192669e+00 2.520111e-01 2.520111e-01 -6.418971e-07 2.312647e-07 1.936115e-07 2.170210e-07 1.732387e-05 9.992345e-01 9.784105e-01
7.055200e-01 2.519578e-05 2.519578e-05 -1.388158e-07 -7.097785e-09 5.787816e-01 1.193375e+00 2.519578e-01 2.519578e-01 -6.920099e-07 2.883118e-07 1.901250e-07 2.135731e-07 1.945408e-05 9.992358e-01 9.784703e-01
7.056000e-01 2.519113e-05 2.519113e-05 -1.280862e-07 -7.908568e-09 5.789918e-01 1.193024e+00 2.519113e-01 2.519113e-01 -6.392843e-07 2.406632e-07 1.875847e-07 2.110364e-07 1.746542e-05 9.992347e-01 9.786167e-01
7.056800e-01 2.518738e-05 2.518738e-05 -1.353733e-07 1.775840e-08 5.788429e-01 1.193514e+00 2.518738e-01 2.518738e-01 -6.766361e-07 2.805133e-07 1.863222e-07 2.098006e-07 1.900058e-05 9.992356e-01 9.786555e-01
7.057600e-01 2.518427e-05 2.518427e-05 -1.238536e-07 9.698528e-09 5.790690e-01 1.193091e+00 2.518427e-01 2.518427e-01 -6.199828e-07 2.246008e-07 1.859540e-07 2.094280e-07 1.676808e-05 9.992347e-01 9.788191e-01
7.058400e-01 2.518190e-05 2.518190e-05 -1.291177e-07 2.715712e-08 5.789600e-01 1.193413e+00 2.518190e-01 2.518190e-01 -6.472840e-07 2.505336e-07 1.866297e-07 2.101207e-07 1.782665e-05 9.992351e-01 9.788466e-01
7.059200e-01 2.518018e-05 2.518018e-05 -1.313651e-07 3.766150e-08 5.789113e-01 1.193576e+00 2.518018e-01 2.518018e-01 -6.595636e-07 2.595878e-07 1.882376e-07 2.117383e-07 1.825148e-05 9.992358e-01 9.788979e-01
7.060000e-01 2.517912e-05 2.517912e-05 -1.342042e-07 4.747445e-08 5.788504e-01 1.193724e+00 2.517912e-01 2.517912e-01 -6.748834e-07 2.698533e-07 1.907610e-07 2.142692e-07 1.876032e-05 9.992365e-01 9.789262e-01
7.060800e-01 2.517868e-05 2.517868e-05 -1.329272e-07 4.903615e-08 5.788710e-01 1.193685e+00 2.517868e-01 2.517868e-01 -6.697305e-07 2.578930e-07 1.941650e-07 2.176725e-07 1.842081e-05 9.992364e-01 9.790027e-01
7.061600e-01 2.517893e-05 2.517893e-05 -1.452406e-07 7.187085e-08 5.786198e-01 1.194249e+00 2.517893e-01 2.517893e-01 -7.326553e-07 3.120582e-07 1.985364e-07 2.220607e-07 2.074579e-05 9.992374e-01 9.789720e-01
7.062400e-01 2.517987e-05 2.517987e-05 -1.531031e-07 8.612676e-08 5.784569e-01 1.194596e+00 2.517987e-01 2.517987e-01 -7.734879e-07 3.421861e-07 2.038849e-07 2.274168e-07 2.215409e-05 9.992381e-01 9.789817e-01
7.063200e-01 2.518154e-05 2.518154e-05 -1.516876e-07 8.388121e-08 5.784784e-01 1.194488e+00 2.518154e-01 2.518154e-01 -7.681316e-07 3.240922e-07 2.102581e-07 2.337812e-07 2.168700e-05 9.992382e-01 9.790586e-01
7.064000e-01 2.518402e-05 2.518402e-05 -1.582398e-07 9.382410e-08 5.783399e-01 1.194766e+00 2.518402e-01 2.518402e-01 -8.028494e-07 3.437381e-07 2.177937e-07 2.413176e-07 2.276418e-05 9.992388e-01 9.791073e-01
7.064800e-01 2.518740e-05 2.518740e-05 -1.727540e-07 1.160004e-07 5.780415e-01 1.195337e+00 2.518740e-01 2.518740e-01 -8.776661e-07 4.009568e-07 2.265884e-07 2.501209e-07 2.538219e-05 9.992404e-01 9.790545e-01
7.065600e-01 2.519177e-05 2.519177e-05 -1.824052e-07 1.290897e-07 5.778384e-01 1.195692e+00 2.519177e-01 2.519177e-01 -9.285277e-07 4.314303e-07 2.367831e-07 2.603142e-07 2.699210e-05 9.992410e-01 9.790676e-01
7.066400e-01 2.519730e-05 2.519730e-05 -1.873983e-07 1.333737e-07 5.777269e-01 1.195794e+00 2.519730e-01 2.519730e-01 -9.565426e-07 4.358253e-07 2.485992e-07 2.721181e-07 2.762931e-05 9.992419e-01 9.791117e-01
7.067200e-01 2.520413e-05 2.520413e-05 -2.090207e-07 1.642385e-07 5.772812e-01 1.196683e+00 2.520413e-01 2.520413e-01 -1.068241e-06 5.201740e-07 2.622692e-07 2.857974e-07 3.151100e-05 9.992438e-01 9.790718e-01
7.068000e-01 2.521250e-05 2.521250e-05 -2.153719e-07 1.685204e-07 5.771372e-01 1.196774e+00 2.521250e-01 2.521250e-01 -1.104280e-06 5.245480e-07 2.781116e-07 3.016208e-07 3.230200e-05 9.992441e-01 9.791067e-01
7.068800e-01 2.522270e-05 2.522270e-05 -2.395760e-07 2.011951e-07 5.766339e-01 1.197739e+00 2.522270e-01 2.522270e-01 -1.230438e-06 6.138373e-07 2.965441e-07 3.200567e-07 3.655983e-05 9.992464e-01 9.790845e-01
7.069600e-01 2.523510e-05 2.523510e-05 -2.582681e-07 2.232392e-07 5.762358e-01 1.198369e+00 2.523510e-01 2.523510e-01 -1.330156e-06 6.704872e-07 3.180842e-07 3.415850e-07 3.964009e-05 9.992477e-01 9.790850e-01
7.070400e-01 2.525020e-05 2.525020e-05 -2.813537e-07 2.509031e-07 5.757447e-01 1.199171e+00 2.525020e-01 2.525020e-01 -1.453288e-06 7.429374e-07 3.434311e-07 3.669193e-07 4.348926e-05 9.992501e-01 9.790822e-01
7.071200e-01 2.526862e-05 2.526862e-05 -3.133756e-07 2.914834e-07 5.750676e-01 1.200342e+00 2.526862e-01 2.526862e-01 -1.623008e-06 8.525764e-07 3.734758e-07 3.969556e-07 4.898534e-05 9.992532e-01 9.790438e-01
7.072000e-01 2.529123e-05 2.529123e-05 -3.441025e-07 3.276188e-07 5.744054e-01 1.201376e+00 2.529123e-01 2.529123e-01 -1.788843e-06 9.465099e-07 4.094375e-07 4.328956e-07 5.407710e-05 9.992551e-01 9.790357e-01
7.072800e-01 2.531921e-05 2.531921e-05 -3.888504e-07 3.843237e-07 5.734499e-01 1.203000e+00 2.531921e-01 2.531921e-01 -2.028321e-06 1.098905e-06 4.529862e-07 4.764296e-07 6.175600e-05 9.992593e-01 9.789785e-01
7.073600e-01 2.535432e-05 2.535432e-05 -4.229427e-07 4.199003e-07 5.726863e-01 1.204014e+00 2.535432e-01 2.535432e-01 -2.219583e-06 1.182997e-06 5.065953e-07 5.299900e-07 6.710060e-05 9.992616e-01 9.790437e-01
7.074400e-01 2.539875e-05 2.539875e-05 -4.951009e-07 5.148456e-07 5.711343e-01 1.206711e+00 2.539875e-01 2.539875e-01 -2.608402e-06 1.438232e-06 5.733954e-07 5.967750e-07 7.966208e-05 9.992672e-01 9.789297e-01
7.075200e-01 2.545629e-05 2.545629e-05 -5.724330e-07 6.133732e-07 5.694347e-01 1.209481e+00 2.545629e-01 2.545629e-01 -3.034105e-06 1.693339e-06 6.587129e-07 6.820535e-07 9.285414e-05 9.992727e-01 9.788766e-01
7.076000e-01 2.553248e-05 2.553248e-05 -6.713514e-07 7.417645e-07 5.672352e-01 1.213033e+00 2.553248e-01 2.553248e-01 -3.584993e-06 2.020934e-06 7.703847e-07 7.936743e-07 1.097803e-04 9.992794e-01 9.788040e-01
7.076800e-01 2.563635e-05 2.563635e-05 -8.058124e-07 9.222287e-07 5.642124e-01 1.217999e+00 2.563635e-01 2.563635e-01 -4.342030e-06 2.476457e-06 9.211722e-07 9.444009e-07 1.329847e-04 9.992885e-01 9.787256e-01
7.077600e-01 2.578365e-05 2.578365e-05 -9.863854e-07 1.171957e-06 5.600681e-01 1.224649e+00 2.578365e-01 2.578365e-01 -5.379637e-06 3.089866e-06 1.133316e-06 1.156455e-06 1.642417e-04 9.992986e-01 9.785890e-01
7.078400e-01 2.600288e-05 2.600288e-05 -1.253890e-06 1.561553e-06 5.538109e-01 1.234870e+00 2.600288e-01 2.600288e-01 -6.946085e-06 4.028843e-06 1.447108e-06 1.470134e-06 2.110329e-04 9.993130e-01 9.784143e-01
7.079200e-01 2.635114e-05 2.635114e-05 -1.653418e-06 2.178634e-06 5.441433e-01 1.250432e+00 2.635114e-01 2.635114e-01 -9.366152e-06 5.456896e-06 1.943207e-06 1.966049e-06 2.812601e-04 9.993339e-01 9.781622e-01
7.080000e-01 2.694811e-05 2.694811e-05 -2.303947e-06 3.262506e-06 5.277651e-01 1.276650e+00 2.694811e-01 2.694811e-01 -1.346534e-05 7.861357e-06 2.790725e-06 2.813256e-06 3.956993e-04 9.993644e-01 9.777509e-01
7.080800e-01 2.802446e-05 2.802446e-05 -3.531284e-06 5.399693e-06 4.966020e-01 1.328201e+00 2.802446e-01 2.802446e-01 -2.126399e-05 1.261066e-05 4.315614e-06 4.337721e-06 6.043766e-04 9.994158e-01 9.767460e-01
7.081600e-01 2.970615e-05 2.970615e-05 -5.619325e-06 8.105739e-06 4.500085e-01 1.403373e+00 2.970615e-01 2.970615e-01 -3.292263e-05 1.951018e-05 6.695626e-06 6.716827e-06 8.825245e-04 9.994818e-01 9.755164e-01
7.082400e-01 3.068087e-05 3.068087e-05 -7.903369e-06 8.100548e-06 4.217152e-01 1.450110e+00 3.068087e-01 3.068087e-01 -4.000509e-05 2.383208e-05 8.076267e-06 8.096737e-06 1.040342e-03 9.995413e-01 9.744578e-01
7.083200e-01 3.039364e-05 3.039364e-05 -7.749166e-06 7.120975e-06 4.307597e-01 1.434127e+00 3.039364e-01 3.039364e-01 -3.774681e-05 2.237975e-05 7.673573e-06 7.693493e-06 9.891307e-04 9.995611e-01 9.745840e-01
7.084000e-01 3.018143e-05 3.018143e-05 -7.310515e-06 7.211562e-06 4.358052e-01 1.426390e+00 3.018143e-01 3.018143e-01 -3.648880e-05 2.171551e-05 7.377069e-06 7.396220e-06 9.642404e-04 9.995846e-01 9.742896e-01
7.084800e-01 3.041193e-05 3.041193e-05 -7.444242e-06 7.787610e-06 4.297163e-01 1.435585e+00 3.041193e-01 3.041193e-01 -3.801506e-05 2.258529e-05 7.706030e-06 7.723731e-06 9.963252e-04 9.996116e-01 9.739017e-01
7.085600e-01 3.067092e-05 3.067092e-05 -7.955313e-06 7.964859e-06 4.220834e-01 1.447722e+00 3.067092e-01 3.067092e-01 -3.992677e-05 2.376002e-05 8.075210e-06 8.091544e-06 1.038227e-03 9.996347e-01 9.731469e-01
7.086400e-01 3.040637e-05 3.040637e-05 -7.823402e-06 7.287283e-06 4.289590e-01 1.436505e+00 3.040637e-01 3.040637e-01 -3.820970e-05 2.278413e-05 7.704857e-06 7.720714e-06 1.002978e-03 9.996477e-01 9.728392e-01
7.087200e-01 2.995987e-05 2.995987e-05 -7.095591e-06 6.569950e-06 4.430501e-01 1.411946e+00 2.995987e-01 2.995987e-01 -3.468629e-05 2.051565e-05 7.077553e-06 7.093082e-06 9.212646e-04 9.996442e-01 9.733709e-01
7.088000e-01 2.969566e-05 2.969566e-05 -6.641505e-06 6.350758e-06 4.503878e-01 1.399689e+00 2.969566e-01 2.969566e-01 -3.285196e-05 1.942126e-05 6.707859e-06 6.722838e-06 8.801490e-04 9.996455e-01 9.732904e-01
7.088800e-01 2.960355e-05 2.960355e-05 -6.149051e-06 5.636461e-06 4.601035e-01 1.376281e+00 2.960355e-01 2.960355e-01 -3.042138e-05 1.724568e-05 6.581035e-06 6.594664e-06 8.050902e-04 9.996343e-01 9.739185e-01
7.089600e-01 2.932916e-05 2.932916e-05 -6.167604e-06 5.702729e-06 4.610566e-01 1.380874e+00 2.932916e-01 2.932916e-01 -3.018333e-05 1.777489e-05 6.197272e-06 6.211168e-06 8.175858e-04 9.996363e-01 9.728609e-01
7.090400e-01 2.894644e-05 2.894644e-05 -5.685573e-06 5.199127e-06 4.710429e-01 1.364967e+00 2.894644e-01 2.894644e-01 -2.768582e-05 1.635078e-05 5.660455e-06 5.674593e-06 7.606566e-04 9.996309e-01 9.727937e-01
7.091200e-01 2.861357e-05 2.861357e-05 -5.183752e-06 4.791411e-06 4.803673e-01 1.349550e+00 2.861357e-01 2.861357e-01 -2.535292e-05 1.495049e-05 5.194081e-06 5.208352e-06 7.042709e-04 9.996194e-01 9.729111e-01
7.092000e-01 2.837733e-05 2.837733e-05 -4.873188e-06 4.575760e-06 4.860874e-01 1.340651e+00 2.837733e-01 2.837733e-01 -2.392254e-05 1.417982e-05 4.864227e-06 4.878498e-06 6.713520e-04 9.996175e-01 9.726353e-01
7.092800e-01 2.816070e-05 2.816070e-05 -4.459953e-06 4.048983e-06 4.945821e-01 1.324267e+00 2.816070e-01 2.816070e-01 -2.179612e-05 1.265801e-05 4.562006e-06 4.576110e-06 6.117413e-04 9.995993e-01 9.730673e-01
7.093600e-01 2.788370e-05 2.788370e-05 -4.172945e-06 3.792948e-06 5.005328e-01 1.316015e+00 2.788370e-01 2.788370e-01 -2.030690e-05 1.194282e-05 4.174748e-06 4.189331e-06 5.782898e-04 9.995893e-01 9.728176e-01
7.094400e-01 2.760942e-05 2.760942e-05 -3.481684e-06 2.931156e-06 5.141314e-01 1.287902e+00 2.760942e-01 2.760942e-01 -1.690189e-05 9.304934e-06 3.791189e-06 3.805767e-06 4.745993e-04 9.995531e-01 9.738022e-01
7.095200e-01 2.738600e-05 2.738600e-05 -3.305368e-06 2.903788e-06 5.172928e-01 1.285707e+00 2.738600e-01 2.738600e-01 -1.610867e-05 9.134113e-06 3.479710e-06 3.494850e-06 4.608703e-04 9.995340e-01 9.735599e-01
7.096000e-01 2.719911e-05 2.719911e-05 -3.203933e-06 2.927885e-06 5.191970e-01 1.285225e+00 2.719911e-01 2.719911e-01 -1.563157e-05 9.176281e-06 3.219821e-06 3.235472e-06 4.560417e-04 9.995273e-01 9.727792e-01
7.096800e-01 2.700673e-05 2.700673e-05 -2.872026e-06 2.545618e-06 5.258631e-01 1.273396e+00 2.700673e-01 2.700673e-01 -1.396071e-05 8.040499e-06 2.952128e-06 2.968086e-06 4.073282e-04 9.994979e-01 9.734305e-01
7.097600e-01 2.681193e-05 2.681193e-05 -2.560833e-06 2.222146e-06 5.319899e-01 1.262581e+00 2.681193e-01 2.681193e-01 -1.242659e-05 7.048085e-06 2.681056e-06 2.697450e-06 3.631718e-04 9.994819e-01 9.736065e-01
7.098400e-01 2.664017e-05 2.664017e-05 -2.340035e-06 2.045468e-06 5.362010e-01 1.256187e+00 2.664017e-01 2.664017e-01 -1.137129e-05 6.469269e-06 2.442568e-06 2.459455e-06 3.348433e-04 9.994650e-01 9.736380e-01
7.099200e-01 2.648809e-05 2.648809e-05 -1.957790e-06 1.569949e-06 5.437037e-01 1.240953e+00 2.648809e-01 2.648809e-01 -9.491560e-06 5.010942e-06 2.231779e-06 2.248839e-06 2.737552e-04 9.994375e-01 9.744362e-01
7.100000e-01 2.635486e-05 2.635486e-05 -2.057211e-06 1.868433e-06 5.416531e-01 1.248879e+00 2.635486e-01 2.635486e-01 -1.000442e-05 5.890854e-06 2.047845e-06 2.065722e-06 3.015625e-04 9.994392e-01 9.729161e-01
7.100800e-01 2.621595e-05 2.621595e-05 -1.664513e-06 1.349407e-06 5.494432e-01 1.233382e+00 2.621595e-01 2.621595e-01 -8.051952e-06 4.322482e-06 1.855696e-06 1.873774e-06 2.360096e-04 9.994058e-01 9.745030e-01
7.101600e-01 2.609173e-05 2.609173e-05 -1.485170e-06 1.182133e-06 5.529181e-01 1.227321e+00 2.609173e-01 2.609173e-01 -7.181564e-06 3.794317e-06 1.684365e-06 1.702883e-06 2.103326e-04 9.993947e-01 9.743460e-01
7.102400e-01 2.597785e-05 2.597785e-05 -1.284266e-06 9.688407e-07 5.568222e-01 1.220025e+00 2.597785e-01 2.597785e-01 -6.202785e-06 3.128608e-06 1.527641e-06 1.546536e-06 1.796028e-04 9.993761e-01 9.744298e-01
7.103200e-01 2.588504e-05 2.588504e-05 -1.327718e-06 1.136354e-06 5.558880e-01 1.224784e+00 2.588504e-01 2.588504e-01 -6.436118e-06 3.615100e-06 1.400746e-06 1.420272e-06 1.941511e-04 9.993749e-01 9.739000e-01
7.104000e-01 2.579219e-05 2.579219e-05 -1.098766e-06 8.466446e-07 5.604147e-01 1.216233e+00 2.579219e-01 2.579219e-01 -5.302129e-06 2.734970e-06 1.273689e-06 1.293471e-06 1.558049e-04 9.993592e-01 9.749105e-01
7.104800e-01 2.569968e-05 2.569968e-05 -9.460708e-07 6.867825e-07 5.633954e-01 1.210991e+00 2.569968e-01 2.569968e-01 -4.554144e-06 2.239647e-06 1.147165e-06 1.167332e-06 1.321766e-04 9.993401e-01 9.751264e-01
7.105600e-01 2.562426e-05 2.562426e-05 -9.580713e-07 7.860830e-07 5.630890e-01 1.213393e+00 2.562426e-01 2.562426e-01 -4.630835e-06 2.520504e-06 1.044821e-06 1.065509e-06 1.395423e-04 9.993410e-01 9.745365e-01
7.106400e-01 2.555124e-05 2.555124e-05 -8.408556e-07 6.655881e-07 5.653739e-01 1.209886e+00 2.555124e-01 2.555124e-01 -4.057869e-06 2.145226e-06 9.458161e-07 9.668264e-07 1.213854e-04 9.993292e-01 9.750818e-01
7.107200e-01 2.548148e-05 2.548148e-05 -7.689593e-07 6.157633e-07 5.667642e-01 1.208313e+00 2.548148e-01 2.548148e-01 -3.708930e-06 1.984670e-06 8.514421e-07 8.728178e-07 1.117204e-04 9.993200e-01 9.752560e-01
7.108000e-01 2.541578e-05 2.541578e-05 -7.000548e-07 5.670938e-07 5.680963e-01 1.206989e+00 2.541578e-01 2.541578e-01 -3.375134e-06 1.827835e-06 7.627893e-07 7.845093e-07 1.023571e-04 9.993149e-01 9.756003e-01
7.108800e-01 2.535160e-05 2.535160e-05 -5.798272e-07 4.326710e-07 5.704437e-01 1.203269e+00 2.535160e-01 2.535160e-01 -2.786744e-06 1.412208e-06 6.762791e-07 6.982573e-07 8.281433e-05 9.993045e-01 9.763383e-01
7.109600e-01 2.529385e-05 2.529385e-05 -5.302166e-07 4.102560e-07 5.713797e-01 1.202698e+00 2.529385e-01 2.529385e-01 -2.552209e-06 1.332180e-06 5.988666e-07 6.211626e-07 7.678523e-05 9.993011e-01 9.766001e-01
7.110400e-01 2.524105e-05 2.524105e-05 -4.318277e-07 3.016381e-07 5.732879e-01 1.199643e+00 2.524105e-01 2.524105e-01 -2.073349e-06 9.940338e-07 5.284052e-07 5.509097e-07 6.076178e-05 9.992888e-01 9.771768e-01
7.111200e-01 2.519752e-05 2.519752e-05 -4.308283e-07 3.453546e-07 5.732631e-01 1.201057e+00 2.519752e-01 2.519752e-01 -2.079602e-06 1.114715e-06 4.710462e-07 4.938405e-07 6.338555e-05 9.992892e-01 9.772372e-01
7.112000e-01 2.515848e-05 2.515848e-05 -3.493308e-07 2.498877e-07 5.748484e-01 1.198402e+00 2.515848e-01 2.515848e-01 -1.681983e-06 8.190927e-07 4.199808e-07 4.429099e-07 4.970643e-05 9.992806e-01 9.777545e-01
7.112800e-01 2.512539e-05 2.512539e-05 -3.026627e-07 2.058097e-07 5.757457e-01 1.197327e+00 2.512539e-01 2.512539e-01 -1.456884e-06 6.791724e-07 3.773178e-07 4.003938e-07 4.250793e-05 9.992753e-01 9.781495e-01
7.113600e-01 2.509715e-05 2.509715e-05 -2.823872e-07 2.002577e-07 5.761227e-01 1.197235e+00 2.509715e-01 2.509715e-01 -1.362360e-06 6.561385e-07 3.414983e-07 3.647236e-07 4.021371e-05 9.992736e-01 9.782836e-01
7.114400e-01 2.507228e-05 2.507228e-05 -2.361574e-07 1.476268e-07 5.770201e-01 1.195710e+00 2.507228e-01 2.507228e-01 -1.136987e-06 4.928413e-07 3.104178e-07 3.337276e-07 3.250259e-05 9.992666e-01 9.785216e-01
7.115200e-01 2.505099e-05 2.505099e-05 -2.077844e-07 1.207454e-07 5.775670e-01 1.195021e+00 2.505099e-01 2.505099e-01 -9.998943e-07 4.077337e-07 2.843813e-07 3.077792e-07 2.809526e-05 9.992642e-01 9.787326e-01
7.116000e-01 2.503221e-05 2.503221e-05 -2.110277e-07 1.436885e-07 5.774848e-01 1.195712e+00 2.503221e-01 2.503221e-01 -1.020137e-06 4.728087e-07 2.619064e-07 2.854217e-07 2.982049e-05 9.992621e-01 9.787063e-01
7.116800e-01 2.501555e-05 2.501555e-05 -1.787767e-07 1.051267e-07 5.781133e-01 1.194626e+00 2.501555e-01 2.501555e-01 -8.622759e-07 3.539264e-07 2.423927e-07 2.659568e-07 2.430893e-05 9.992572e-01 9.788994e-01
7.117600e-01 2.500080e-05 2.500080e-05 -1.685897e-07 1.011899e-07 5.783045e-01 1.194516e+00 2.500080e-01 2.500080e-01 -8.142086e-07 3.394227e-07 2.255767e-07 2.492092e-07 2.307189e-05 9.992554e-01 9.789416e-01
7.118400e-01 2.498757e-05 2.498757e-05 -1.594419e-07 9.728396e-08 5.784760e-01 1.194449e+00 2.498757e-01 2.498757e-01 -7.709106e-07 3.254046e-07 2.109066e-07 2.345995e-07 2.193721e-05 9.992525e-01 9.790149e-01
7.119200e-01 2.497563e-05 2.497563e-05 -1.502759e-07 9.191430e-08 5.786505e-01 1.194293e+00 2.497563e-01 2.497563e-01 -7.271705e-07 3.073224e-07 1.980523e-07 2.217958e-07 2.071005e-05 9.992517e-01 9.790514e-01
7.120000e-01 2.496474e-05 2.496474e-05 -1.283040e-07 6.404518e-08 5.790809e-01 1.193514e+00 2.496474e-01 2.496474e-01 -6.191101e-07 2.219997e-07 1.866713e-07 2.104391e-07 1.684596e-05 9.992486e-01 9.791903e-01
7.120800e-01 2.495477e-05 2.495477e-05 -1.214246e-07 6.030467e-08 5.792111e-01 1.193388e+00 2.495477e-01 2.495477e-01 -5.862741e-07 2.092958e-07 1.765850e-07 2.003933e-07 1.594024e-05 9.992468e-01 9.792026e-01
7.121600e-01 2.494560e-05 2.494560e-05 -1.200471e-07 6.484436e-08 5.792324e-01 1.193554e+00 2.494560e-01 2.494560e-01 -5.807418e-07 2.216251e-07 1.676320e-07 1.914847e-07 1.608234e-05 9.992453e-01 9.792269e-01
7.122400e-01 2.493707e-05 2.493707e-05 -1.068957e-07 4.906024e-08 5.794895e-01 1.193083e+00 2.493707e-01 2.493707e-01 -5.161715e-07 1.731330e-07 1.595823e-07 1.834561e-07 1.382088e-05 9.992432e-01 9.792827e-01
7.123200e-01 2.492916e-05 2.492916e-05 -1.004792e-07 4.382813e-08 5.796128e-01 1.192967e+00 2.492916e-01 2.492916e-01 -4.851277e-07 1.564380e-07 1.523938e-07 1.762959e-07 1.286778e-05 9.992418e-01 9.793396e-01
7.124000e-01 2.492172e-05 2.492172e-05 -1.004790e-07 4.875306e-08 5.796087e-01 1.193087e+00 2.492172e-01 2.492172e-01 -4.860465e-07 1.703314e-07 1.458896e-07 1.698255e-07 1.316879e-05 9.992411e-01 9.793119e-01
7.124800e-01 2.491472e-05 2.491472e-05 -9.149227e-08 3.824175e-08 5.797841e-01 1.192786e+00 2.491472e-01 2.491472e-01 -4.419270e-07 1.380066e-07 1.399834e-07 1.639370e-07 1.163837e-05 9.992392e-01 9.793594e-01
7.125600e-01 2.490812e-05 2.490812e-05 -8.908819e-08 3.825882e-08 5.798290e-01 1.192791e+00 2.490812e-01 2.490812e-01 -4.306290e-07 1.373583e-07 1.346460e-07 1.586247e-07 1.140165e-05 9.992388e-01 9.793693e-01
7.126400e-01 2.490183e-05 2.490183e-05 -8.221650e-08 3.048933e-08 5.799628e-01 1.192571e+00 2.490183e-01 2.490183e-01 -3.969163e-07 1.134172e-07 1.297520e-07 1.537471e-07 1.024691e-05 9.992370e-01 9.794076e-01
7.127200e-01 2.489586e-05 2.489586e-05 -8.217210e-08 3.375835e-08 5.799612e-01 1.192653e+00 2.489586e-01 2.489586e-01 -3.972724e-07 1.226618e-07 1.252956e-07 1.493150e-07 1.044218e-05 9.992368e-01 9.793906e-01
7.128000e-01 2.489013e-05 2.489013e-05 -7.116283e-08 1.849627e-08 5.801781e-01 1.192214e+00 2.489013e-01 2.489013e-01 -3.427455e-07 7.635868e-08 1.211805e-07 1.452063e-07 8.419084e-06 9.992347e-01 9.794520e-01
7.128800e-01 2.488465e-05 2.488465e-05 -6.821532e-08 1.639259e-08 5.802349e-01 1.192164e+00 2.488465e-01 2.488465e-01 -3.284749e-07 6.958594e-08 1.174229e-07 1.414660e-07 7.998120e-06 9.992342e-01 9.794732e-01
7.129600e-01 2.487937e-05 2.487937e-05 -6.884145e-08 2.002347e-08 5.802205e-01 1.192254e+00 2.487937e-01 2.487937e-01 -3.320288e-07 8.006177e-08 1.139515e-07 1.380155e-07 8.281772e-06 9.992339e-01 9.794516e-01
7.130400e-01 2.487428e-05 2.487428e-05 -6.342147e-08 1.338636e-08 5.803267e-01 1.192068e+00 2.487428e-01 2.487428e-01 -3.053119e-07 5.976607e-08 1.107355e-07 1.348103e-07 7.338463e-06 9.992328e-01 9.794841e-01
7.131200e-01 2.486936e-05 2.486936e-05 -6.218070e-08 1.352626e-08 5.803499e-01 1.192071e+00 2.486936e-01 2.486936e-01 -2.994561e-07 5.983824e-08 1.077635e-07 1.318544e-07 7.223635e-06 9.992325e-01 9.794857e-01
7.132000e-01 2.486458e-05 2.486458e-05 -5.829468e-08 9.104100e-09 5.804257e-01 1.191940e+00 2.486458e-01 2.486458e-01 -2.803432e-07 4.625109e-08 1.049951e-07 1.290971e-07 6.567460e-06 9.992314e-01 9.795024e-01
7.132800e-01 2.485995e-05 2.485995e-05 -5.587285e-08 6.971395e-09 5.804727e-01 1.191876e+00 2.485995e-01 2.485995e-01 -2.685236e-07 3.956017e-08 1.024245e-07 1.265389e-07 6.196386e-06 9.992309e-01 9.795110e-01
7.133600e-01 2.485544e-05 2.485544e-05 -5.331656e-08 4.483489e-09 5.805225e-01 1.191801e+00 2.485544e-01 2.485544e-01 -2.560070e-07 3.182687e-08 1.000271e-07 1.241531e-07 5.790159e-06 9.992305e-01 9.795199e-01
7.134400e-01 2.485104e-05 2.485104e-05 -5.063897e-08 1.675402e-09 5.805747e-01 1.191714e+00 2.485104e-01 2.485104e-01 -2.428622e-07 2.315398e-08 9.778584e-08 1.219223e-07 5.352213e-06 9.992298e-01 9.795277e-01
7.135200e-01 2.484675e-05 2.484675e-05 -5.045565e-08 2.908444e-09 5.805774e-01 1.191753e+00 2.484675e-01 2.484675e-01 -2.421687e-07 2.662520e-08 9.569658e-08 1.198470e-07 5.409036e-06 9.992298e-01 9.795276e-01
7.136000e-01 2.484255e-05 2.484255e-05 -4.784504e-08 2.477294e-12 5.806285e-01 1.191669e+00 2.484255e-01 2.484255e-01 -2.293213e-07 1.769466e-08 9.373333e-08 1.178933e-07 4.971630e-06 9.992292e-01 9.795402e-01
7.136800e-01 2.483843e-05 2.483843e-05 -4.625644e-08 -1.292887e-09 5.806593e-01 1.191629e+00 2.483843e-01 2.483843e-01 -2.215679e-07 1.361224e-08 9.189260e-08 1.160631e-07 4.734199e-06 9.992289e-01 9.795451e-01
7.137600e-01 2.483439e-05 2.483439e-05 -4.371239e-08 -4.260803e-09 5.807091e-01 1.191538e+00 2.483439e-01 2.483439e-01 -2.090230e-07 4.525342e-09 9.015931e-08 1.143383e-07 4.299447e-06 9.992283e-01 9.795531e-01
7.138400e-01 2.483043e-05 2.483043e-05 -4.280866e-08 -4.574833e-09 5.807264e-01 1.191529e+00 2.483043e-01 2.483043e-01 -2.046666e-07 3.413918e-09 8.853146e-08 1.127212e-07 4.190030e-06 9.992281e-01 9.795557e-01
7.139200e-01 2.482654e-05 2.482654e-05 -4.139034e-08 -5.815974e-09 5.807540e-01 1.191493e+00 2.482654e-01 2.482654e-01 -1.977254e-07 -4.676447e-10 8.699688e-08 1.111962e-07 3.972720e-06 9.992278e-01 9.795617e-01
7.140000e-01 2.482270e-05 2.482270e-05 -3.955379e-08 -7.816959e-09 5.807899e-01 1.191431e+00 2.482270e-01 2.482270e-01 -1.886824e-07 -6.618508e-09 8.554659e-08 1.097543e-07 3.667287e-06 9.992273e-01 9.795671e-01
7.140800e-01 2.481892e-05 2.481892e-05 -3.890595e-08 -7.899918e-09 5.808023e-01 1.191431e+00 2.481892e-01 2.481892e-01 -1.855732e-07 -7.004824e-09 8.418011e-08 1.083979e-07 3.597424e-06 9.992272e-01 9.795703e-01
7.141600e-01 2.481520e-05 2.481520e-05 -3.626017e-08 -1.136381e-08 5.808544e-01 1.191326e+00 2.481520e-01 2.481520e-01 -1.724653e-07 -1.752636e-08 8.288363e-08 1.071080e-07 3.121855e-06 9.992268e-01 9.795799e-01
7.142400e-01 2.481152e-05 2.481152e-05 -3.539566e-08 -1.191301e-08 5.808712e-01 1.191308e+00 2.481152e-01 2.481152e-01 -1.682556e-07 -1.929462e-08 8.165844e-08 1.058918e-07 3.001852e-06 9.992266e-01 9.795815e-01
7.143200e-01 2.480789e-05 2.480789e-05 -3.468192e-08 -1.225866e-08 5.808849e-01 1.191298e+00 2.480789e-01 2.480789e-01 -1.647924e-07 -2.044476e-08 8.049736e-08 1.047398e-07 2.909309e-06 9.992263e-01 9.795839e-01
7.144000e-01 2.480431e-05 2.480431e-05 -3.357506e-08 -1.330296e-08 5.809065e-01 1.191267e+00 2.480431e-01 2.480431e-01 -1.593567e-07 -2.368425e-08 7.939516e-08 1.036458e-07 2.734857e-06 9.992261e-01 9.795878e-01
7.144800e-01 2.480076e-05 2.480076e-05 -3.201179e-08 -1.514840e-08 5.809372e-01 1.191212e+00 2.480076e-01 2.480076e-01 -1.516326e-07 -2.932113e-08 7.834797e-08 1.026058e-07 2.465882e-06 9.992259e-01 9.795941e-01
7.145600e-01 2.479725e-05 2.479725e-05 -3.172670e-08 -1.490385e-08 5.809425e-01 1.191220e+00 2.479725e-01 2.479725e-01 -1.502937e-07 -2.868142e-08 7.735415e-08 1.016210e-07 2.452134e-06 9.992258e-01 9.795953e-01
7.146400e-01 2.479377e-05 2.479377e-05 -3.123449e-08 -1.503933e-08 5.809519e-01 1.191213e+00 2.479377e-01 2.479377e-01 -1.479139e-07 -2.917650e-08 7.640758e-08 1.006829e-07 2.394501e-06 9.992256e-01 9.795938e-01
7.147200e-01 2.479033e-05 2.479033e-05 -2.910144e-08 -1.794071e-08 5.809941e-01 1.191127e+00 2.479033e-01 2.479033e-01 -1.373250e-07 -3.796531e-08 7.550462e-08 9.978565e-08 2.004000e-06 9.992253e-01 9.796030e-01
7.148000e-01 2.478691e-05 2.478691e-05 -2.850754e-08 -1.831010e-08 5.810056e-01 1.191114e+00 2.478691e-01 2.478691e-01 -1.344272e-07 -3.915262e-08 7.464543e-08 9.893441e-08 1.921873e-06 9.992251e-01 9.796039e-01
7.148800e-01 2.478353e-05 2.478353e-05 -2.907420e-08 -1.677664e-08 5.809940e-01 1.191158e+00 2.478353e-01 2.478353e-01 -1.373281e-07 -3.462628e-08 7.382794e-08 9.812648e-08 2.071978e-06 9.992251e-01 9.795984e-01
7.149600e-01 2.478017e-05 2.478017e-05 -2.741467e-08 -1.897716e-08 5.810267e-01 1.191093e+00 2.478017e-01 2.478017e-01 -1.290941e-07 -4.129940e-08 7.304448e-08 9.734903e-08 1.771471e-06 9.992248e-01 9.796062e-01
7.150400e-01 2.477684e-05 2.477684e-05 -2.685131e-08 -1.937840e-08 5.810377e-01 1.191081e+00 2.477684e-01 2.477684e-01 -1.263374e-07 -4.257021e-08 7.229775e-08 9.660985e-08 1.690433e-06 9.992247e-01 9.796077e-01
7.151200e-01 2.477353e-05 2.477353e-05 -2.598937e-08 -2.030095e-08 5.810546e-01 1.191053e+00 2.477353e-01 2.477353e-01 -1.220844e-07 -4.540164e-08 7.158350e-08 9.590254e-08 1.547675e-06 9.992245e-01 9.796103e-01
7.152000e-01 2.477024e-05 2.477024e-05 -2.513182e-08 -2.123880e-08 5.810714e-01 1.191024e+00 2.477024e-01 2.477024e-01 -1.178503e-07 -4.827577e-08 7.090008e-08 9.522595e-08 1.404396e-06 9.992244e-01 9.796130e-01
7.152800e-01 2.476698e-05 2.476698e-05 -2.479284e-08 -2.133482e-08 5.810779e-01 1.191022e+00 2.476698e-01 2.476698e-01 -1.162060e-07 -4.862109e-08 7.024686e-08 9.458026e-08 1.364416e-06 9.992243e-01 9.796143e-01
7.153600e-01 2.476373e-05 2.476373e-05 -2.367872e-08 -2.274143e-08 5.810999e-01 1.190978e+00 2.476373e-01 2.476373e-01 -1.106835e-07 -5.289573e-08 6.961981e-08 9.395938e-08 1.166781e-06 9.992241e-01 9.796171e-01
7.154400e-01 2.476051e-05 2.476051e-05 -2.359067e-08 -2.245878e-08 5.811014e-01 1.190986e+00 2.476051e-01 2.476051e-01 -1.102887e-07 -5.209943e-08 6.902041e-08 9.336769e-08 1.175041e-06 9.992240e-01 9.796168e-01
7.155200e-01 2.475730e-05 2.475730e-05 -2.285327e-08 -2.327535e-08 5.811159e-01 1.190961e+00 2.475730e-01 2.475730e-01 -1.066448e-07 -5.459867e-08 6.844478e-08 9.279864e-08 1.051126e-06 9.992239e-01 9.796192e-01
7.156000e-01 2.475411e-05 2.475411e-05 -2.229745e-08 -2.380669e-08 5.811268e-01 1.190946e+00 2.475411e-01 2.475411e-01 -1.039066e-07 -5.623981e-08 6.789285e-08 9.225351e-08 9.628048e-07 9.992238e-01 9.796218e-01
7.156800e-01 2.475093e-05 2.475093e-05 -2.166755e-08 -2.447736e-08 5.811392e-01 1.190924e+00 2.475093e-01 2.475093e-01 -1.007960e-07 -5.829667e-08 6.736271e-08 9.172991e-08 8.585391e-07 9.992237e-01 9.796226e-01
7.157600e-01 2.474777e-05 2.474777e-05 -2.144083e-08 -2.449192e-08 5.811435e-01 1.190923e+00 2.474777e-01 2.474777e-01 -9.969926e-08 -5.838302e-08 6.685398e-08 9.122830e-08 8.347467e-07 9.992236e-01 9.796227e-01
7.158400e-01 2.474462e-05 2.474462e-05 -2.097980e-08 -2.491109e-08 5.811526e-01 1.190911e+00 2.474462e-01 2.474462e-01 -9.742924e-08 -5.968140e-08 6.636483e-08 9.074582e-08 7.627483e-07 9.992235e-01 9.796241e-01
7.159200e-01 2.474149e-05 2.474149e-05 -2.056484e-08 -2.526724e-08 5.811607e-01 1.190899e+00 2.474149e-01 2.474149e-01 -9.538788e-08 -6.078884e-08 6.589453e-08 9.028219e-08 6.992108e-07 9.992234e-01 9.796249e-01
7.160000e-01 2.473837e-05 2.473837e-05 -1.994564e-08 -2.597653e-08 5.811728e-01 1.190878e+00 2.473837e-01 2.473837e-01 -9.232368e-08 -6.295415e-08 6.544194e-08 8.983589e-08 5.936027e-07 9.992233e-01 9.796273e-01
7.160800e-01 2.473526e-05 2.473526e-05 -1.943095e-08 -2.652413e-08 5.811830e-01 1.190862e+00 2.473526e-01 2.473526e-01 -8.978057e-08 -6.463269e-08 6.500646e-08 8.940680e-08 5.083408e-07 9.992232e-01 9.796292e-01
7.161600e-01 2.473217e-05 2.473217e-05 -1.902514e-08 -2.690215e-08 5.811909e-01 1.190850e+00 2.473217e-01 2.473217e-01 -8.778046e-08 -6.580088e-08 6.458726e-08 8.899408e-08 4.443519e-07 9.992231e-01 9.796302e-01
7.162400e-01 2.472908e-05 2.472908e-05 -1.881129e-08 -2.697172e-08 5.811950e-01 1.190847e+00 2.472908e-01 2.472908e-01 -8.673877e-08 -6.604214e-08 6.418369e-08 8.859722e-08 4.184674e-07 9.992231e-01 9.796299e-01
7.163200e-01 2.472601e-05 2.472601e-05 -1.821919e-08 -2.768173e-08 5.812067e-01 1.190826e+00 2.472601e-01 2.472601e-01 -8.380464e-08 -6.820365e-08 6.379434e-08 8.821395e-08 3.154773e-07 9.992230e-01 9.796325e-01
7.164000e-01 2.472295e-05 2.472295e-05 -1.803981e-08 -2.771464e-08 5.812102e-01 1.190824e+00 2.472295e-01 2.472295e-01 -8.293292e-08 -6.833226e-08 6.341945e-08 8.784573e-08 2.952856e-07 9.992229e-01 9.796323e-01
7.164800e-01 2.471990e-05 2.471990e-05 -1.769633e-08 -2.803041e-08 5.812169e-01 1.190814e+00 2.471990e-01 2.471990e-01 -8.123960e-08 -6.930836e-08 6.305766e-08 8.749030e-08 2.413288e-07 9.992228e-01 9.796330e-01
7.165600e-01 2.471685e-05 2.471685e-05 -1.706596e-08 -2.883308e-08 5.812293e-01 1.190790e+00 2.471685e-01 2.471685e-01 -7.811076e-08 -7.174418e-08 6.270822e-08 8.714672e-08 1.287902e-07 9.992227e-01 9.796354e-01
7.166400e-01 2.471382e-05 2.471382e-05 -1.689635e-08 -2.887732e-08 5.812326e-01 1.190789e+00 2.471382e-01 2.471382e-01 -7.728472e-08 -7.190333e-08 6.237151e-08 8.681654e-08 1.088742e-07 9.992227e-01 9.796355e-01
7.167200e-01 2.471079e-05 2.471079e-05 -1.637575e-08 -2.951435e-08 5.812429e-01 1.190769e+00 2.471079e-01 2.471079e-01 -7.470284e-08 -7.384002e-08 6.204594e-08 8.649692e-08 1.745838e-08 9.992226e-01 9.796374e-01
7.168000e-01 2.470777e-05 2.470777e-05 -1.625055e-08 -2.950103e-08 5.812453e-01 1.190770e+00 2.470777e-01 2.470777e-01 -7.409702e-08 -7.382444e-08 6.173198e-08 8.618948e-08 5.516193e-09 9.992226e-01 9.796375e-01
7.168800e-01 2.470476e-05 2.470476e-05 -1.586744e-08 -2.992477e-08 5.812528e-01 1.190756e+00 2.470476e-01 2.470476e-01 -7.220086e-08 -7.511922e-08 6.142826e-08 8.589182e-08 -5.906465e-08 9.992225e-01 9.796384e-01
7.169600e-01 2.470176e-05 2.470176e-05 -1.564026e-08 -3.009617e-08 5.812573e-01 1.190751e+00 2.470176e-01 2.470176e-01 -7.108355e-08 -7.565604e-08 6.113487e-08 8.560471e-08 -9.255404e-08 9.992225e-01 9.796388e-01
7.170400e-01 2.469876e-05 2.469876e-05 -1.546193e-08 -3.019325e-08 5.812607e-01 1.190747e+00 2.469876e-01 2.469876e-01 -7.020971e-08 -7.596898e-08 6.085127e-08 8.532742e-08 -1.165901e-07 9.992224e-01 9.796389e-01
7.171200e-01 2.469577e-05 2.469577e-05 -1.505899e-08 -3.067100e-08 5.812687e-01 1.190733e+00 2.469577e-01 2.469577e-01 -6.821214e-08 -7.742327e-08 6.057666e-08 8.505875e-08 -1.864920e-07 9.992223e-01 9.796402e-01
7.172000e-01 2.469279e-05 2.469279e-05 -1.482482e-08 -3.087415e-08 5.812733e-01 1.190727e+00 2.469279e-01 2.469279e-01 -6.705773e-08 -7.805291e-08 6.031119e-08 8.479945e-08 -2.226394e-07 9.992223e-01 9.796408e-01
7.172800e-01 2.468982e-05 2.468982e-05 -1.457699e-08 -3.110618e-08 5.812781e-01 1.190719e+00 2.468982e-01 2.468982e-01 -6.583440e-08 -7.876845e-08 6.005424e-08 8.454860e-08 -2.619309e-07 9.992222e-01 9.796415e-01
7.173600e-01 2.468685e-05 2.468685e-05 -1.437841e-08 -3.126210e-08 5.812820e-01 1.190714e+00 2.468685e-01 2.468685e-01 -6.485666e-08 -7.925492e-08 5.980554e-08 8.430604e-08 -2.916181e-07 9.992222e-01 9.796416e-01
7.174400e-01 2.468388e-05 2.468388e-05 -1.398884e-08 -3.174168e-08 5.812897e-01 1.190700e+00 2.468388e-01 2.468388e-01 -6.292342e-08 -8.071185e-08 5.956446e-08 8.407080e-08 -3.603248e-07 9.992221e-01 9.796432e-01
7.175200e-01 2.468093e-05 2.468093e-05 -1.378397e-08 -3.191911e-08 5.812937e-01 1.190694e+00 2.468093e-01 2.468093e-01 -6.191312e-08 -8.126158e-08 5.933114e-08 8.384356e-08 -3.919718e-07 9.992221e-01 9.796434e-01
7.176000e-01 2.467797e-05 2.467797e-05 -1.361490e-08 -3.204216e-08 5.812970e-01 1.190690e+00 2.467797e-01 2.467797e-01 -6.108134e-08 -8.164754e-08 5.910517e-08 8.362371e-08 -4.166913e-07 9.992221e-01 9.796438e-01
7.176800e-01 2.467503e-05 2.467503e-05 -1.333515e-08 -3.235450e-08 5.813025e-01 1.190681e+00 2.467503e-01 2.467503e-01 -5.969560e-08 -8.260083e-08 5.888598e-08 8.341044e-08 -4.641379e-07 9.992220e-01 9.796448e-01
7.177600e-01 2.467209e-05 2.467209e-05 -1.309379e-08 -3.260770e-08 5.813073e-01 1.190673e+00 2.467209e-01 2.467209e-01 -5.850136e-08 -8.337615e-08 5.867355e-08 8.320396e-08 -5.041079e-07 9.992220e-01 9.796454e-01
7.178400e-01 2.466915e-05 2.466915e-05 -1.292801e-08 -3.273968e-08 5.813105e-01 1.190668e+00 2.466915e-01 2.466915e-01 -5.768455e-08 -8.378721e-08 5.846765e-08 8.300410e-08 -5.290548e-07 9.992219e-01 9.796455e-01
7.179200e-01 2.466622e-05 2.466622e-05 -1.272619e-08 -3.293610e-08 5.813145e-01 1.190662e+00 2.466622e-01 2.466622e-01 -5.668711e-08 -8.439112e-08 5.826791e-08 8.281032e-08 -5.615779e-07 9.992219e-01 9.796461e-01
7.180000e-01 2.466329e-05 2.466329e-05 -1.248180e-08 -3.320766e-08 5.813193e-01 1.190654e+00 2.466329e-01 2.466329e-01 -5.547647e-08 -8.521999e-08 5.807408e-08 8.262237e-08 -6.029918e-07 9.992219e-01 9.796469e-01
7.180800e-01 2.466036e-05 2.466036e-05 -1.229363e-08 -3.338972e-08 5.813230e-01 1.190648e+00 2.466036e-01 2.466036e-01 -5.454646e-08 -8.577988e-08 5.788605e-08 8.244028e-08 -6.332717e-07 9.992218e-01 9.796473e-01
7.181600e-01 2.465745e-05 2.465745e-05 -1.217458e-08 -3.346063e-08 5.813253e-01 1.190647e+00 2.465745e-01 2.465745e-01 -5.396172e-08 -8.600584e-08 5.770364e-08 8.226392e-08 -6.497857e-07 9.992218e-01 9.796478e-01
7.182400e-01 2.465453e-05 2.465453e-05 -1.189893e-08 -3.379612e-08 5.813307e-01 1.190636e+00 2.465453e-01 2.465453e-01 -5.259361e-08 -8.702515e-08 5.752637e-08 8.209240e-08 -6.982802e-07 9.992217e-01 9.796485e-01
7.183200e-01 2.465162e-05 2.465162e-05 -1.177221e-08 -3.388729e-08 5.813332e-01 1.190633e+00 2.465162e-01 2.465162e-01 -5.196978e-08 -8.731106e-08 5.735441e-08 8.192643e-08 -7.168147e-07 9.992217e-01 9.796488e-01
7.184000e-01 2.464871e-05 2.464871e-05 -1.156942e-08 -3.410865e-08 5.813372e-01 1.190626e+00 2.464871e-01 2.464871e-01 -5.096530e-08 -8.798713e-08 5.718729e-08 8.176514e-08 -7.509891e-07 9.992217e-01 9.796488e-01
7.184800e-01 2.464581e-05 2.464581e-05 -1.136525e-08 -3.433572e-08 5.813412e-01 1.190619e+00 2.464581e-01 2.464581e-01 -4.995360e-08 -8.868003e-08 5.702498e-08 8.160865e-08 -7.856595e-07 9.992216e-01 9.796496e-01
7.185600e-01 2.464291e-05 2.464291e-05 -1.122448e-08 -3.446050e-08 5.813440e-01 1.190615e+00 2.464291e-01 2.464291e-01 -4.925863e-08 -8.906561e-08 5.686733e-08 8.145691e-08 -8.076760e-07 9.992216e-01 9.796497e-01
7.186400e-01 2.464001e-05 2.464001e-05 -1.121252e-08 -3.437399e-08 5.813442e-01 1.190618e+00 2.464001e-01 2.464001e-01 -4.920739e-08 -8.881694e-08 5.671432e-08 8.131001e-08 -8.037649e-07 9.992216e-01 9.796501e-01
7.187200e-01 2.463712e-05 2.463712e-05 -1.108794e-08 -3.447805e-08 5.813466e-01 1.190615e+00 2.463712e-01 2.463712e-01 -4.859278e-08 -8.913970e-08 5.656544e-08 8.116703e-08 -8.228828e-07 9.992216e-01 9.796505e-01
7.188000e-01 2.463423e-05 2.463423e-05 -1.091490e-08 -3.466576e-08 5.813500e-01 1.190609e+00 2.463423e-01 2.463423e-01 -4.773561e-08 -8.971309e-08 5.642065e-08 8.102805e-08 -8.520152e-07 9.992215e-01 9.796510e-01
7.188800e-01 2.463134e-05 2.463134e-05 -1.069056e-08 -3.494173e-08 5.813545e-01 1.190600e+00 2.463134e-01 2.463134e-01 -4.662169e-08 -9.055099e-08 5.627980e-08 8.089289e-08 -8.917356e-07 9.992215e-01 9.796509e-01
7.189600e-01 2.462846e-05 2.462846e-05 -1.039509e-08 -3.533893e-08 5.813603e-01 1.190588e+00 2.462846e-01 2.462846e-01 -4.515186e-08 -9.175232e-08 5.614274e-08 8.076144e-08 -9.460695e-07 9.992215e-01 9.796523e-01
7.190400e-01 2.462558e-05 2.462558e-05 -1.039885e-08 -3.524051e-08 5.813602e-01 1.190591e+00 2.462558e-01 2.462558e-01 -4.517797e-08 -9.146636e-08 5.600980e-08 8.063453e-08 -9.398436e-07 9.992214e-01 9.796519e-01
7.191200e-01 2.462270e-05 2.462270e-05 -1.011913e-08 -3.561669e-08 5.813657e-01 1.190579e+00 2.462270e-01 2.462270e-01 -4.378648e-08 -9.260408e-08 5.588012e-08 8.051044e-08 -9.913128e-07 9.992214e-01 9.796530e-01
7.192000e-01 2.461983e-05 2.461983e-05 -1.027721e-08 -3.526637e-08 5.813625e-01 1.190590e+00 2.461983e-01 2.461983e-01 -4.458378e-08 -9.156182e-08 5.575451e-08 8.039109e-08 -9.540693e-07 9.992214e-01 9.796524e-01
7.192800e-01 2.461696e-05 2.461696e-05 -1.004304e-08 -3.557161e-08 5.813672e-01 1.190580e+00 2.461696e-01 2.461696e-01 -4.341959e-08 -9.248616e-08 5.563177e-08 8.027398e-08 -9.966010e-07 9.992214e-01 9.796527e-01
7.193600e-01 2.461409e-05 2.461409e-05 -9.767843e-09 -3.594750e-08 5.813726e-01 1.190569e+00 2.461409e-01 2.461409e-01 -4.205006e-08 -9.362223e-08 5.551226e-08 8.016003e-08 -1.047615e-06 9.992213e-01 9.796537e-01
7.194400e-01 2.461122e-05 2.461122e-05 -9.695608e-09 -3.598769e-08 5.813740e-01 1.190568e+00 2.461122e-01 2.461122e-01 -4.169518e-08 -9.375086e-08 5.539620e-08 8.004983e-08 -1.057560e-06 9.992213e-01 9.796539e-01
7.195200e-01 2.460835e-05 2.460835e-05 -9.471759e-09 -3.628251e-08 5.813785e-01 1.190559e+00 2.460835e-01 2.460835e-01 -4.058203e-08 -9.464322e-08 5.528300e-08 7.994226e-08 -1.098432e-06 9.992213e-01 9.796547e-01
7.196000e-01 2.460549e-05 2.460549e-05 -9.460366e-09 -3.622567e-08 5.813787e-01 1.190560e+00 2.460549e-01 2.460549e-01 -4.053100e-08 -9.448029e-08 5.517305e-08 7.983824e-08 -1.096285e-06 9.992213e-01 9.796543e-01
7.196800e-01 2.460263e-05 2.460263e-05 -9.256231e-09 -3.649182e-08 5.813827e-01 1.190552e+00 2.460263e-01 2.460263e-01 -3.951609e-08 -9.528625e-08 5.506576e-08 7.973658e-08 -1.133418e-06 9.992212e-01 9.796552e-01
7.197600e-01 2.459978e-05 2.459978e-05 -9.027412e-09 -3.680106e-08 5.813872e-01 1.190543e+00 2.459978e-01 2.459978e-01 -3.837759e-08 -9.622124e-08 5.496122e-08 7.963762e-08 -1.175695e-06 9.992212e-01 9.796561e-01
7.198400e-01 2.459692e-05 2.459692e-05 -9.155798e-09 -3.651742e-08 5.813846e-01 1.190550e+00 2.459692e-01 2.459692e-01 -3.902498e-08 -9.537720e-08 5.485984e-08 7.954234e-08 -1.145514e-06 9.992212e-01 9.796547e-01
7.199200e-01 2.459407e-05 2.459407e-05 -8.910826e-09 -3.685734e-08 5.813895e-01 1.190541e+00 2.459407e-01 2.459407e-01 -3.780542e-08 -9.640388e-08 5.476062e-08 7.944867e-08 -1.191313e-06 9.992212e-01 9.796559e-01
7.200000e-01 2.459122e-05 2.459122e-05 -8.722292e-09 -3.710508e-08 5.813932e-01 1.190533e+00 2.459122e-01 2.459122e-01 -3.686791e-08 -9.715381e-08 5.466403e-08 7.935769e-08 -1.225761e-06 9.992212e-01 9.796567e-01
